Table 1 from Chen & Kipping (2017), "Forecasted masses of seven thousand KOIs", MNRAS, submitted
Space-separated, plain-text, 2 columns
 
Column 1 = KOI number
Column 2 = Planet flag where "0" denotes no problems, "1" denotes that stellar posteriors were missing and "2" denotes transit posteriors were missing.

1.01	0
2.01	0
3.01	0
4.01	0
5.01	0
5.02	2
6.01	0
7.01	0
8.01	0
9.01	0
10.01	0
11.01	0
12.01	0
13.01	0
14.01	0
15.01	0
16.01	0
17.01	0
18.01	0
19.01	0
20.01	0
21.01	0
22.01	0
23.01	0
24.01	0
25.01	0
26.01	0
27.01	0
28.01	0
31.01	0
33.01	0
41.01	0
41.02	0
41.03	0
42.01	0
43.01	1
44.01	0
45.01	1
46.01	0
46.02	0
48.01	0
49.01	0
51.01	1
52.01	0
53.01	1
61.01	0
63.01	0
64.01	0
66.01	0
68.01	0
69.01	0
70.01	0
70.02	0
70.03	0
70.04	0
70.05	0
72.01	0
72.02	0
74.01	0
75.01	0
76.01	0
80.01	0
81.01	0
82.01	0
82.02	0
82.03	0
82.04	0
82.05	0
82.06	2
84.01	0
85.01	0
85.02	0
85.03	0
87.01	0
88.01	0
89.01	0
89.02	0
90.01	0
92.01	0
94.01	0
94.02	0
94.03	0
94.04	0
97.01	0
98.01	0
99.01	0
99.02	2
100.01	0
102.01	0
102.02	0
103.01	0
104.01	0
105.01	0
106.01	0
107.01	0
108.01	0
108.02	0
109.01	0
110.01	0
111.01	0
111.02	0
111.03	0
111.04	2
112.01	0
112.02	0
113.01	0
114.01	0
115.01	0
115.02	0
115.03	0
116.01	0
116.02	0
116.03	0
116.04	0
117.01	0
117.02	0
117.03	0
117.04	0
118.01	0
119.01	0
119.02	0
120.01	0
121.01	0
122.01	0
123.01	0
123.02	0
124.01	0
124.02	0
125.01	0
126.01	0
127.01	0
128.01	0
129.01	0
129.02	2
130.01	0
131.01	0
132.01	0
133.01	0
134.01	0
135.01	0
136.01	0
137.01	0
137.02	0
137.03	0
138.01	0
139.01	0
139.02	0
140.01	0
141.01	0
142.01	0
142.02	2
143.01	0
144.01	0
145.01	0
146.01	0
147.01	0
148.01	0
148.02	0
148.03	0
149.01	0
150.01	0
150.02	0
151.01	0
152.01	0
152.02	0
152.03	0
152.04	0
153.01	0
153.02	0
155.01	0
156.01	0
156.02	0
156.03	0
157.01	0
157.02	0
157.03	0
157.04	0
157.05	0
157.06	0
158.01	0
159.01	0
159.02	0
160.01	0
161.01	0
162.01	0
163.01	0
164.01	0
165.01	0
166.01	0
167.01	0
168.01	0
168.02	0
168.03	0
169.01	0
170.01	0
171.01	0
171.02	0
172.01	0
172.02	0
173.01	0
174.01	0
175.01	0
176.01	0
177.01	0
178.01	0
179.01	0
179.02	0
180.01	0
181.01	0
182.01	0
183.01	0
184.01	0
185.01	0
186.01	0
187.01	0
188.01	0
189.01	0
190.01	0
191.01	0
191.02	0
191.03	0
191.04	0
192.01	0
193.01	0
194.01	0
195.01	0
196.01	0
197.01	0
198.01	0
199.01	0
199.02	0
200.01	0
201.01	0
202.01	0
203.01	0
204.01	0
205.01	0
206.01	0
208.01	0
209.01	0
209.02	0
210.01	0
211.01	0
212.01	0
213.01	0
214.01	0
215.01	0
216.01	0
216.02	0
217.01	0
218.01	0
219.01	0
220.01	0
220.02	0
221.01	0
221.02	0
222.01	0
222.02	0
223.01	0
223.02	0
224.01	0
225.01	0
226.01	0
227.01	0
229.01	0
230.01	0
231.01	0
232.01	0
232.02	0
232.03	0
232.04	0
232.05	0
233.01	0
234.01	0
235.01	0
236.01	0
237.01	0
238.01	0
238.02	0
238.03	0
239.01	0
239.02	0
240.01	0
241.01	0
241.02	0
241.03	0
242.01	0
243.01	0
244.01	0
244.02	0
245.01	0
245.02	0
245.03	0
245.04	2
246.01	0
246.02	0
247.01	0
248.01	0
248.02	0
248.03	0
248.04	0
249.01	0
250.01	0
250.02	0
250.03	0
250.04	0
251.01	0
251.02	0
252.01	0
253.01	0
253.02	0
254.01	0
255.01	0
255.02	0
256.01	0
257.01	0
258.01	0
259.01	0
260.01	0
260.02	0
260.03	0
261.01	0
262.01	0
262.02	0
263.01	0
264.01	0
265.01	0
266.01	0
266.02	0
267.01	0
268.01	0
269.01	0
270.01	0
270.02	0
271.01	0
271.02	0
271.03	0
272.01	0
273.01	0
274.01	0
274.02	0
275.01	0
275.02	0
276.01	0
277.01	0
277.02	0
279.01	0
279.02	0
279.03	0
280.01	0
281.01	0
282.01	0
282.02	0
282.03	0
283.01	0
283.02	0
284.01	0
284.02	0
284.03	0
284.04	0
285.01	0
285.02	0
285.03	0
286.01	0
287.01	0
288.01	0
289.01	0
289.02	0
290.01	0
291.01	0
291.02	0
292.01	0
293.01	0
294.01	0
295.01	0
295.02	0
296.01	0
297.01	0
298.01	0
298.02	0
299.01	0
300.01	0
301.01	0
301.02	0
302.01	0
302.02	2
303.01	0
304.01	0
304.02	0
305.01	0
306.01	0
307.01	0
307.02	0
308.01	0
309.01	0
311.01	0
312.01	0
312.02	0
313.01	0
313.02	0
314.01	0
314.02	0
314.03	0
315.01	0
316.01	0
316.02	0
316.03	0
317.01	0
318.01	0
319.01	0
320.01	0
321.01	0
321.02	0
322.01	1
323.01	0
324.01	0
325.01	0
326.01	0
326.02	0
327.01	0
327.02	0
328.01	0
329.01	0
330.01	0
330.02	0
331.01	0
332.01	0
332.02	0
333.01	0
334.01	0
335.01	0
336.01	0
337.01	0
337.02	0
338.01	0
338.02	0
339.01	0
339.02	0
339.03	0
340.01	0
341.01	0
341.02	0
343.01	0
343.02	0
343.03	0
344.01	0
345.01	0
346.01	0
347.01	0
348.01	0
349.01	0
350.01	0
351.01	0
351.02	0
351.03	0
351.04	0
351.05	0
351.06	0
351.07	0
352.01	0
352.02	0
353.01	0
353.02	0
353.03	0
354.01	0
354.02	0
355.01	0
356.01	0
358.01	0
359.01	0
360.01	0
361.01	0
362.01	0
363.01	0
365.01	0
365.02	0
366.01	0
367.01	0
368.01	0
369.01	0
369.02	0
370.01	0
370.02	0
371.01	0
372.01	0
373.01	0
374.01	0
375.01	0
376.01	0
376.02	0
377.01	0
377.02	0
377.03	0
378.01	0
379.01	0
379.02	0
380.01	0
381.01	0
382.01	0
384.01	0
385.01	0
386.01	0
386.02	0
387.01	0
388.01	0
389.01	0
390.01	0
391.01	0
392.01	0
392.02	0
393.01	0
394.01	0
395.01	0
396.01	0
397.01	0
398.01	0
398.02	0
398.03	0
399.01	0
400.01	0
401.01	0
401.02	0
401.03	0
402.01	0
403.01	0
404.01	0
405.01	0
406.01	0
407.01	0
408.01	0
408.02	0
408.03	0
408.04	0
409.01	0
410.01	0
411.01	0
412.01	0
413.01	0
413.02	0
414.01	0
414.02	0
415.01	0
416.01	0
416.02	0
416.03	0
417.01	0
418.01	0
419.01	0
420.01	0
421.01	0
422.01	0
423.01	0
423.02	0
424.01	0
425.01	0
426.01	0
427.01	0
427.02	0
427.03	0
428.01	0
429.01	0
430.01	0
430.02	0
431.01	0
431.02	0
432.01	0
433.01	0
433.02	0
434.01	0
435.01	0
435.02	0
435.03	0
435.04	0
435.05	0
435.06	0
436.01	0
437.01	0
438.01	0
438.02	0
439.01	0
439.02	2
440.01	0
440.02	0
441.01	0
442.01	0
442.02	0
442.03	0
443.01	0
444.01	0
446.01	0
446.02	0
447.01	0
448.01	0
448.02	0
449.01	0
450.01	0
451.01	0
452.01	0
453.01	0
454.01	0
455.01	0
456.01	0
456.02	0
457.01	0
457.02	0
458.01	0
459.01	0
459.02	0
460.01	0
461.01	0
462.01	0
463.01	0
464.01	0
464.02	0
465.01	0
466.01	0
467.01	0
468.01	0
469.01	0
470.01	0
471.01	0
471.02	0
472.01	0
473.01	0
474.01	0
474.02	0
474.03	0
474.04	0
475.01	0
475.02	0
476.01	0
477.01	0
478.01	0
479.01	0
480.01	0
481.01	0
481.02	0
481.03	0
482.01	0
483.01	0
484.01	0
485.01	0
486.01	0
487.01	0
488.01	0
489.01	0
489.02	0
490.01	0
490.02	0
490.03	0
490.04	0
491.01	0
492.01	0
492.02	0
493.01	0
494.01	0
495.01	0
496.01	0
497.01	0
497.02	0
498.01	0
499.01	0
500.01	0
500.02	0
500.03	0
500.04	0
500.05	0
501.01	0
502.01	0
503.01	0
504.01	0
505.01	0
505.02	0
505.03	0
505.04	0
505.05	0
506.01	0
507.01	0
508.01	0
508.02	0
509.01	0
509.02	0
509.03	0
510.01	0
510.02	0
510.03	0
510.04	0
511.01	0
511.02	0
512.01	0
513.01	0
514.01	0
515.01	0
516.01	0
517.01	0
518.01	0
518.02	0
518.03	0
519.01	0
519.02	0
520.01	0
520.02	0
520.03	0
520.04	0
521.01	0
521.02	0
522.01	0
523.01	0
523.02	0
524.01	0
525.01	0
526.01	0
527.01	0
528.01	0
528.02	0
528.03	0
529.01	0
530.01	0
531.01	0
532.01	0
533.01	0
533.02	0
534.01	0
534.02	0
535.01	0
536.01	0
537.01	0
538.01	0
540.01	0
541.01	0
542.01	0
542.02	0
543.01	0
543.02	0
544.01	0
545.01	0
546.01	0
546.02	0
547.01	0
548.01	0
549.01	0
549.02	0
550.01	0
551.01	0
551.02	0
552.01	0
553.01	0
554.01	0
555.01	0
555.02	0
556.01	0
557.01	0
558.01	0
559.01	0
560.01	0
561.01	0
563.01	0
564.01	0
564.02	0
564.03	0
565.01	0
566.01	0
567.01	0
567.02	0
567.03	0
568.01	0
568.02	0
569.01	0
569.02	0
570.01	0
571.01	0
571.02	0
571.03	0
571.04	0
571.05	0
572.01	0
572.02	0
573.01	0
573.02	0
574.01	0
574.02	0
575.01	0
576.01	0
577.01	0
577.02	0
578.01	0
579.01	0
579.02	0
580.01	0
581.01	0
581.02	0
582.01	0
582.02	0
582.03	0
583.01	0
584.01	0
584.02	0
584.03	0
585.01	0
586.01	0
587.01	0
588.01	0
589.01	0
590.01	0
590.02	0
591.01	0
592.01	0
593.01	0
593.02	0
593.03	0
593.04	0
596.01	0
597.01	0
597.02	0
597.03	0
598.01	0
598.02	0
599.01	0
600.01	0
600.02	0
601.01	0
601.02	0
601.03	0
602.01	0
603.01	0
604.01	0
605.01	0
605.02	0
606.01	0
607.01	0
608.01	0
609.01	0
610.01	0
611.01	0
612.01	0
612.02	0
612.03	0
613.01	0
614.01	0
615.01	0
616.01	0
617.01	0
618.01	0
619.01	0
620.01	0
620.02	0
620.03	0
621.01	0
622.01	0
623.01	0
623.02	0
623.03	0
623.04	0
624.01	0
624.02	0
624.03	0
625.01	0
626.01	0
626.02	0
627.01	0
627.02	0
628.01	0
629.01	0
630.01	0
631.01	0
632.01	0
633.01	0
634.01	0
635.01	0
636.01	0
637.01	0
638.01	0
638.02	0
639.01	0
640.01	0
641.01	0
642.01	0
643.01	0
644.01	0
645.01	0
645.02	0
646.01	0
647.01	0
647.02	0
648.01	0
649.01	0
649.02	0
650.01	0
651.01	0
651.02	2
652.01	0
653.01	0
654.01	0
654.02	0
655.01	0
655.02	0
656.01	0
657.01	0
657.02	0
658.01	0
658.02	0
658.03	0
659.01	0
660.01	0
661.01	0
661.02	0
662.01	0
663.01	0
663.02	0
664.01	0
664.02	0
664.03	0
665.01	0
665.02	0
665.03	0
666.01	0
667.01	1
668.01	0
669.01	0
670.01	0
671.01	0
671.02	0
671.03	0
671.04	0
672.01	0
672.02	0
672.03	0
673.01	0
674.01	0
675.01	0
676.01	0
676.02	0
677.01	0
678.01	0
678.02	0
679.01	0
679.02	0
680.01	0
681.01	0
682.01	0
683.01	0
684.01	0
685.01	0
686.01	0
687.01	0
688.01	0
689.01	0
690.01	0
691.01	0
691.02	0
692.01	0
692.02	0
693.01	0
693.02	0
694.01	0
695.01	0
696.01	0
697.01	0
698.01	0
699.01	0
700.01	0
700.02	0
700.03	0
700.04	0
701.01	0
701.02	0
701.03	0
701.04	0
701.05	0
702.01	0
703.01	0
704.01	0
705.01	0
706.01	0
707.01	0
707.02	0
707.03	0
707.04	0
707.05	0
708.01	0
708.02	0
709.01	0
710.01	0
710.02	0
710.03	0
711.01	0
711.02	0
711.03	0
712.01	0
713.01	0
714.01	0
715.01	0
716.01	0
717.01	0
717.02	0
718.01	0
718.02	0
718.03	0
719.01	0
719.02	0
719.03	0
719.04	0
720.01	0
720.02	0
720.03	0
720.04	0
721.01	0
722.01	0
723.01	0
723.02	0
723.03	0
724.01	0
725.01	0
726.01	0
727.01	0
728.01	0
729.01	0
730.01	0
730.02	0
730.03	0
730.04	0
731.01	0
732.01	0
732.02	0
732.03	0
733.01	0
733.02	0
733.03	0
733.04	0
734.01	0
734.02	0
735.01	0
736.01	0
736.02	0
736.03	2
737.01	0
738.01	0
738.02	0
739.01	0
740.01	0
741.01	0
742.01	0
743.01	0
744.01	0
744.02	0
745.01	0
746.01	0
747.01	0
748.01	0
749.01	0
749.02	0
749.03	0
750.01	0
750.02	0
750.03	0
750.04	0
751.01	0
752.01	0
752.02	0
753.01	0
754.01	0
755.01	0
756.01	0
756.02	0
756.03	0
757.01	0
757.02	0
757.03	0
758.01	0
759.01	0
759.02	0
760.01	0
761.01	0
762.01	0
763.01	0
764.01	0
765.01	0
766.01	0
767.01	0
768.01	0
769.01	0
770.01	0
771.01	0
772.01	0
773.01	0
774.01	0
775.01	0
775.02	0
775.03	0
776.01	0
777.01	0
778.01	0
779.01	0
780.01	0
780.02	0
781.01	0
782.01	0
783.01	0
784.01	0
784.02	0
785.01	0
786.01	0
787.01	0
787.02	0
788.01	0
789.01	0
790.01	0
790.02	0
791.01	0
792.01	0
793.01	0
794.01	0
795.01	0
796.01	0
797.01	0
798.01	0
799.01	0
800.01	0
800.02	0
801.01	0
802.01	0
803.01	0
804.01	0
805.01	0
806.01	0
806.02	0
806.03	0
806.04	0
806.05	0
807.01	0
808.01	0
809.01	0
810.01	0
811.01	0
812.01	0
812.02	0
812.03	0
812.04	0
813.01	0
814.01	0
815.01	0
816.01	0
817.01	0
817.02	0
818.01	0
819.01	0
820.01	0
821.01	0
822.01	0
823.01	0
824.01	0
825.01	0
825.02	0
826.01	0
827.01	0
828.01	0
829.01	0
829.02	0
829.03	0
830.01	0
831.01	0
832.01	0
833.01	0
834.01	0
834.02	0
834.03	0
834.04	0
834.05	0
835.01	0
835.02	0
836.01	0
837.01	0
837.02	0
838.01	0
839.01	0
840.01	0
841.01	0
841.02	0
841.03	0
841.04	0
841.05	0
842.01	0
842.02	0
843.01	0
844.01	0
845.01	0
846.01	0
847.01	0
848.01	0
849.01	0
850.01	0
851.01	0
852.01	0
853.01	0
853.02	0
854.01	0
855.01	0
856.01	0
857.01	0
857.02	0
858.01	0
859.01	0
861.01	0
862.01	0
863.01	0
864.01	0
864.02	0
864.03	0
865.01	0
866.01	0
867.01	0
868.01	0
869.01	0
869.02	0
869.03	0
869.04	0
870.01	0
870.02	0
871.01	0
872.01	0
872.02	0
873.01	0
874.01	0
874.02	0
875.01	0
876.01	0
877.01	0
877.02	0
877.03	0
878.01	0
880.01	0
880.02	0
880.03	0
880.04	0
881.01	0
881.02	0
882.01	0
883.01	0
884.01	0
884.02	0
884.03	0
886.01	0
886.02	0
886.03	0
887.01	0
888.01	0
889.01	0
890.01	0
891.01	0
892.01	0
892.02	0
893.01	0
894.01	0
895.01	0
896.01	0
896.02	0
896.03	0
897.01	0
898.01	0
898.02	0
898.03	0
899.01	0
899.02	0
899.03	0
900.01	0
901.01	0
902.01	0
903.01	0
904.01	0
904.02	0
904.03	0
904.04	0
904.05	0
905.01	0
906.01	0
906.02	0
906.03	0
907.01	0
907.02	0
907.03	0
907.04	0
908.01	0
909.01	0
910.01	0
911.01	0
911.02	0
912.01	0
912.02	0
913.01	0
914.01	0
915.01	0
916.01	0
917.01	0
918.01	0
918.02	0
919.01	0
920.01	0
921.01	0
921.02	0
921.03	0
922.01	0
923.01	0
924.01	0
925.01	0
926.01	0
927.01	0
928.01	0
929.01	0
930.01	0
931.01	0
932.01	0
933.01	0
934.01	0
934.02	0
934.03	0
935.01	0
935.02	0
935.03	0
935.04	0
936.01	0
936.02	0
937.01	0
938.01	0
938.02	0
938.03	0
939.01	0
939.02	0
939.03	0
939.04	0
940.01	0
941.01	0
941.02	0
941.03	0
942.01	0
943.01	0
944.01	0
945.01	0
945.02	0
945.03	0
946.01	0
947.01	0
948.01	0
949.01	0
950.01	0
951.01	0
951.02	0
952.01	0
952.02	0
952.03	0
952.04	0
952.05	0
953.01	0
954.01	0
954.02	0
955.01	0
956.01	0
957.01	0
958.01	0
959.01	1
960.01	0
961.01	0
961.02	0
961.03	0
964.01	0
965.01	0
966.01	0
966.02	2
967.01	0
968.01	0
969.01	0
970.01	0
971.01	0
972.01	0
972.02	0
974.01	0
975.01	0
976.01	0
977.01	0
979.01	0
980.01	0
981.01	0
982.01	0
983.01	0
983.02	0
984.01	0
985.01	0
986.01	0
986.02	0
987.01	0
988.01	0
988.02	0
989.01	0
989.02	0
989.03	0
989.04	0
990.01	0
991.01	0
992.01	0
992.02	0
993.01	0
993.02	0
993.03	0
994.01	0
995.01	0
996.01	0
997.01	0
998.01	0
999.01	0
999.02	0
1000.01	0
1001.01	0
1001.02	0
1002.01	0
1003.01	0
1004.01	0
1005.01	0
1006.01	0
1007.01	0
1008.01	0
1009.01	0
1011.01	0
1012.01	0
1013.01	0
1014.01	0
1015.01	0
1015.02	0
1015.03	0
1016.01	0
1017.01	0
1018.01	0
1020.01	0
1021.01	0
1022.01	0
1023.01	0
1024.01	0
1025.01	0
1028.01	0
1029.01	0
1030.01	0
1031.01	0
1032.01	0
1034.01	0
1035.01	0
1036.01	0
1037.01	0
1038.01	0
1039.01	0
1040.01	0
1041.01	0
1042.01	0
1042.02	2
1043.01	0
1044.01	0
1045.01	0
1047.01	0
1048.01	0
1049.01	0
1050.01	0
1050.02	0
1051.01	0
1052.01	0
1052.02	0
1052.03	0
1052.04	0
1053.01	0
1053.02	0
1054.01	0
1055.01	0
1056.01	0
1057.01	0
1058.01	0
1059.01	0
1060.01	0
1060.02	0
1060.03	0
1060.04	0
1061.01	0
1062.01	0
1063.01	0
1064.01	0
1065.01	0
1066.01	0
1067.01	0
1068.01	0
1069.01	0
1069.02	0
1070.01	0
1070.02	0
1070.03	0
1071.01	0
1072.01	0
1073.01	0
1074.01	0
1075.01	0
1076.01	0
1077.01	0
1078.01	0
1078.02	0
1078.03	0
1079.01	0
1080.01	0
1081.01	0
1082.01	0
1082.02	0
1082.03	0
1082.04	0
1083.01	0
1084.01	0
1085.01	0
1086.01	0
1087.01	0
1088.01	0
1089.01	0
1089.02	0
1090.01	0
1091.01	0
1092.01	0
1093.01	0
1094.01	0
1095.01	0
1096.01	0
1097.01	0
1098.01	0
1099.01	0
1100.01	0
1101.01	0
1101.02	0
1102.01	0
1102.02	0
1102.03	0
1102.04	0
1103.01	0
1104.01	0
1105.01	0
1106.01	0
1106.02	0
1107.01	0
1108.01	0
1108.02	0
1108.03	0
1110.01	0
1111.01	0
1112.01	0
1113.01	0
1113.02	0
1114.01	0
1115.01	0
1116.01	0
1117.01	0
1118.01	0
1119.01	0
1119.02	0
1120.01	0
1121.01	0
1122.01	0
1123.01	0
1124.01	0
1125.01	0
1126.01	0
1127.01	0
1127.02	0
1127.03	0
1128.01	0
1129.01	0
1130.01	0
1131.01	0
1132.01	0
1132.02	2
1133.01	0
1134.01	0
1134.02	2
1135.01	0
1136.01	0
1137.01	0
1138.01	0
1139.01	0
1140.01	0
1141.01	0
1142.01	0
1143.01	0
1144.01	0
1145.01	0
1146.01	0
1147.01	0
1148.01	0
1148.02	0
1150.01	0
1151.01	0
1151.02	0
1151.03	0
1151.04	0
1151.05	0
1152.01	0
1153.01	0
1154.01	0
1155.01	0
1156.01	0
1157.01	0
1158.01	0
1159.01	0
1160.01	0
1161.01	0
1161.02	0
1161.03	0
1162.01	0
1163.01	0
1163.02	0
1164.01	0
1165.01	0
1165.02	0
1166.01	0
1167.01	0
1168.01	0
1169.01	0
1170.01	0
1171.01	0
1172.01	0
1173.01	0
1174.01	0
1175.01	0
1175.02	0
1176.01	0
1177.01	0
1178.01	0
1179.01	0
1180.01	0
1181.01	0
1182.01	0
1183.01	0
1184.01	0
1185.01	0
1186.01	0
1187.01	0
1188.01	0
1189.01	0
1190.01	0
1191.01	0
1192.01	0
1192.02	0
1193.01	0
1194.01	0
1194.02	0
1194.03	0
1195.01	0
1196.01	0
1196.02	0
1196.03	0
1197.01	0
1198.01	0
1198.02	0
1198.03	0
1198.04	2
1199.01	0
1200.01	0
1201.01	0
1202.01	0
1203.01	0
1203.02	0
1203.03	0
1204.01	0
1205.01	0
1206.01	0
1207.01	0
1208.01	0
1209.01	0
1210.01	0
1211.01	0
1212.01	0
1213.01	0
1214.01	0
1215.01	0
1215.02	0
1216.01	0
1217.01	0
1218.01	0
1220.01	0
1221.01	0
1221.02	0
1222.01	0
1223.01	0
1224.01	0
1225.01	0
1226.01	0
1227.01	0
1228.01	0
1230.01	0
1231.01	0
1231.02	0
1232.01	0
1233.01	0
1234.01	0
1235.01	0
1236.01	0
1236.02	0
1236.03	0
1237.01	0
1238.01	0
1239.01	0
1239.02	0
1240.01	0
1240.02	0
1241.01	0
1241.02	0
1242.01	0
1243.01	0
1244.01	0
1245.01	0
1246.01	0
1247.01	0
1248.01	0
1249.01	0
1250.01	0
1250.02	0
1251.01	0
1252.01	0
1253.01	0
1254.01	1
1255.01	0
1256.01	0
1257.01	0
1258.01	0
1258.02	0
1258.03	0
1259.01	0
1260.01	0
1261.01	0
1261.02	0
1262.01	0
1263.01	0
1264.01	0
1265.01	0
1266.01	0
1267.01	0
1268.01	0
1269.01	0
1270.01	0
1270.02	0
1271.01	0
1272.01	0
1273.01	0
1274.01	0
1275.01	0
1276.01	0
1276.02	0
1277.01	0
1278.01	0
1278.02	0
1278.03	0
1278.04	0
1279.01	0
1279.02	0
1280.01	0
1281.01	0
1282.01	0
1283.01	0
1284.01	0
1285.01	0
1286.01	0
1287.01	0
1288.01	0
1289.01	0
1290.01	0
1291.01	0
1292.01	0
1293.01	0
1294.01	0
1295.01	0
1296.01	0
1297.01	0
1298.01	0
1298.02	0
1299.01	0
1300.01	0
1301.01	0
1301.02	0
1302.01	0
1303.01	0
1304.01	0
1305.01	0
1305.02	0
1306.01	0
1306.02	0
1306.03	0
1306.04	0
1307.01	0
1307.02	0
1308.01	0
1309.01	0
1310.01	0
1310.02	0
1311.01	0
1312.01	0
1312.02	0
1313.01	0
1314.01	0
1315.01	0
1316.01	0
1316.02	2
1317.01	0
1318.01	0
1319.01	0
1319.02	0
1320.01	0
1321.01	0
1322.01	0
1323.01	0
1324.01	0
1325.01	0
1326.01	0
1327.01	0
1328.01	0
1329.01	0
1330.01	0
1330.02	0
1331.01	0
1332.01	0
1332.02	0
1332.03	0
1333.01	0
1334.01	0
1334.02	0
1335.01	0
1336.01	0
1336.02	0
1336.03	0
1336.04	0
1337.01	0
1338.01	0
1338.02	0
1338.03	0
1339.01	0
1340.01	0
1341.01	0
1342.01	0
1342.02	0
1343.01	0
1344.01	0
1345.01	0
1346.01	0
1347.01	0
1348.01	0
1349.01	0
1350.01	0
1351.01	0
1352.01	0
1353.01	0
1353.02	0
1354.01	0
1355.01	0
1357.01	0
1358.01	0
1358.02	0
1358.03	0
1358.04	0
1359.01	0
1359.02	0
1360.01	0
1360.02	0
1360.03	0
1361.01	0
1362.01	0
1363.01	0
1363.02	0
1364.01	0
1364.02	0
1364.03	0
1364.04	0
1364.05	0
1365.01	0
1366.01	0
1366.02	0
1367.01	0
1368.01	0
1369.01	0
1370.01	0
1371.01	0
1373.01	0
1374.01	0
1375.01	0
1376.01	0
1377.01	0
1378.01	0
1378.02	0
1379.01	0
1380.01	0
1381.01	0
1382.01	0
1383.01	0
1384.01	0
1385.01	0
1386.01	0
1387.01	0
1388.01	0
1389.01	0
1390.01	0
1391.01	0
1392.01	0
1393.01	0
1394.01	0
1395.01	0
1396.01	0
1396.02	0
1397.01	0
1398.01	0
1399.01	0
1400.01	0
1401.01	0
1402.01	0
1403.01	0
1404.01	0
1404.02	0
1405.01	0
1406.01	0
1407.01	0
1408.01	0
1408.02	0
1409.01	0
1410.01	0
1411.01	0
1412.01	0
1413.01	0
1413.02	0
1413.03	0
1414.01	0
1415.01	0
1416.01	0
1417.01	0
1418.01	0
1419.01	0
1420.01	0
1421.01	0
1422.01	0
1422.02	0
1422.03	0
1422.04	0
1422.05	0
1423.01	0
1424.01	0
1425.01	0
1426.01	0
1426.02	0
1426.03	0
1427.01	0
1428.01	0
1429.01	0
1430.01	0
1430.02	0
1430.03	0
1431.01	0
1432.01	0
1432.02	0
1432.03	0
1432.04	0
1433.01	0
1434.01	0
1435.01	0
1435.02	0
1436.01	0
1436.02	0
1436.03	0
1437.01	0
1438.01	0
1439.01	0
1440.01	0
1441.01	0
1442.01	0
1443.01	0
1444.01	0
1445.01	0
1445.02	0
1445.03	0
1446.01	0
1447.01	0
1447.02	0
1448.01	0
1449.01	0
1450.01	0
1451.01	0
1452.01	0
1453.01	0
1454.01	0
1455.01	0
1456.01	0
1457.01	0
1458.01	0
1459.01	0
1460.01	0
1461.01	0
1462.01	1
1463.01	0
1464.01	0
1465.01	0
1466.01	0
1467.01	0
1468.01	0
1469.01	0
1470.01	0
1471.01	0
1472.01	0
1473.01	0
1474.01	0
1475.01	0
1475.02	0
1475.03	0
1476.01	0
1477.01	0
1478.01	0
1479.01	0
1480.01	0
1480.02	0
1481.01	0
1482.01	0
1483.01	0
1484.01	0
1485.01	0
1486.01	0
1486.02	0
1487.01	0
1488.01	0
1489.01	0
1490.01	0
1491.01	0
1492.01	0
1493.01	0
1494.01	0
1495.01	0
1496.01	0
1497.01	0
1498.01	0
1498.02	3
1499.01	0
1499.02	0
1499.03	0
1500.01	0
1501.01	0
1502.01	0
1503.01	0
1504.01	0
1505.01	0
1506.01	0
1507.01	0
1508.01	0
1510.01	0
1511.01	0
1512.01	0
1513.01	0
1514.01	0
1515.01	0
1515.02	0
1516.01	0
1517.01	0
1518.01	0
1519.01	0
1519.02	0
1520.01	0
1521.01	0
1522.01	0
1522.02	0
1523.01	0
1524.01	0
1525.01	0
1525.02	0
1526.01	0
1527.01	0
1528.01	0
1529.01	0
1529.02	0
1530.01	0
1531.01	0
1532.01	0
1533.01	0
1534.01	0
1534.02	0
1535.01	0
1536.01	0
1537.01	0
1538.01	0
1539.01	0
1540.01	0
1541.01	0
1541.02	2
1542.01	0
1543.01	0
1544.01	0
1545.01	0
1546.01	0
1547.01	0
1548.01	0
1549.01	0
1550.01	0
1551.01	0
1552.01	0
1553.01	0
1554.01	0
1555.01	0
1556.01	0
1557.01	0
1557.02	0
1557.03	0
1557.04	0
1558.01	0
1559.01	0
1560.01	0
1561.01	0
1562.01	0
1562.02	0
1563.01	0
1563.02	0
1563.03	0
1563.04	0
1564.01	0
1565.01	0
1566.01	0
1567.01	0
1567.02	0
1567.03	0
1567.04	0
1568.01	0
1569.01	0
1570.01	0
1571.01	0
1572.01	0
1573.01	0
1573.02	0
1574.01	0
1574.02	0
1574.03	0
1575.01	0
1576.01	0
1576.02	0
1576.03	0
1577.01	0
1578.01	0
1579.01	0
1580.01	0
1581.01	0
1581.02	0
1582.01	0
1583.01	0
1584.01	0
1585.01	0
1586.01	0
1587.01	0
1588.01	0
1589.01	0
1589.02	0
1589.03	0
1589.04	0
1589.05	0
1590.01	0
1590.02	0
1590.03	0
1591.01	0
1592.01	0
1593.01	0
1593.02	0
1594.01	0
1595.01	0
1596.01	0
1596.02	0
1597.01	0
1598.01	0
1598.02	0
1598.03	0
1599.01	0
1599.02	0
1600.01	0
1601.01	0
1601.02	0
1602.01	0
1603.01	0
1604.01	0
1605.01	0
1606.01	0
1607.01	0
1608.01	0
1608.02	0
1608.03	0
1609.01	0
1610.01	0
1611.01	0
1612.01	0
1613.01	0
1613.02	0
1614.01	0
1615.01	0
1616.01	0
1616.02	0
1618.01	0
1619.01	0
1620.01	0
1621.01	0
1622.01	0
1623.01	0
1624.01	0
1625.01	0
1626.01	0
1627.01	0
1627.02	0
1627.03	0
1628.01	0
1628.02	0
1628.03	0
1629.01	0
1630.01	0
1631.01	0
1632.01	0
1633.01	0
1634.01	0
1635.01	0
1636.01	0
1637.01	0
1638.01	0
1639.01	0
1639.02	0
1640.01	0
1641.01	0
1642.01	0
1643.01	0
1644.01	0
1645.01	0
1646.01	0
1647.01	0
1647.02	0
1647.03	0
1648.01	0
1649.01	0
1650.01	0
1650.02	0
1651.01	0
1652.01	0
1653.01	0
1654.01	0
1655.01	0
1656.01	0
1657.01	0
1658.01	0
1659.01	0
1660.01	0
1661.01	0
1662.01	0
1663.01	0
1664.01	0
1665.01	0
1665.02	0
1666.01	0
1667.01	0
1668.01	0
1669.01	0
1670.01	0
1671.01	0
1672.01	0
1673.01	0
1674.01	0
1675.01	0
1676.01	0
1677.01	0
1677.02	3
1678.01	0
1679.01	0
1680.01	0
1681.01	0
1681.02	0
1681.03	0
1682.01	0
1683.01	0
1684.01	0
1685.01	0
1687.01	0
1688.01	0
1689.01	0
1690.01	0
1691.01	0
1692.01	0
1692.02	0
1693.01	0
1694.01	0
1695.01	0
1696.01	0
1697.01	0
1698.01	0
1699.01	0
1700.01	0
1701.01	0
1702.01	0
1703.01	0
1704.01	0
1705.01	0
1706.01	0
1707.01	0
1707.02	0
1708.01	0
1709.01	0
1710.01	0
1711.01	0
1712.01	0
1713.01	0
1713.02	0
1714.01	0
1715.01	0
1716.01	0
1717.01	0
1718.01	0
1718.02	0
1719.01	0
1720.01	0
1721.01	0
1722.01	0
1723.01	0
1724.01	0
1725.01	0
1726.01	0
1727.01	0
1728.01	0
1729.01	0
1730.01	0
1731.01	0
1731.02	0
1732.01	0
1733.01	0
1734.01	0
1735.01	0
1736.01	0
1738.01	0
1740.01	0
1741.01	0
1742.01	0
1743.01	0
1744.01	0
1745.01	0
1746.01	0
1747.01	0
1747.02	2
1748.01	0
1749.01	0
1750.01	0
1750.02	0
1751.01	0
1751.02	0
1752.01	0
1753.01	0
1754.01	0
1755.01	0
1757.01	0
1758.01	0
1759.01	0
1760.01	0
1760.02	0
1761.01	0
1762.01	0
1763.01	0
1764.01	0
1765.01	0
1766.01	0
1767.01	0
1768.01	0
1769.01	0
1770.01	0
1771.01	0
1772.01	0
1773.01	0
1774.01	0
1775.01	0
1776.01	0
1777.01	0
1778.01	0
1779.01	0
1779.02	0
1780.01	0
1781.01	0
1781.02	0
1781.03	0
1782.01	0
1783.01	0
1783.02	0
1784.01	0
1785.01	0
1786.01	0
1787.01	0
1788.01	0
1788.02	0
1789.01	0
1790.01	0
1791.01	0
1792.01	0
1792.02	0
1792.03	0
1793.01	0
1794.01	0
1795.01	0
1796.01	0
1797.01	0
1798.01	0
1799.01	0
1800.01	0
1801.01	0
1802.01	0
1803.01	0
1803.02	0
1804.01	0
1805.01	0
1805.02	0
1805.03	0
1806.01	0
1806.02	0
1806.03	0
1807.01	0
1808.01	0
1809.01	0
1809.02	0
1811.01	0
1812.01	0
1813.01	0
1814.01	0
1815.01	0
1816.01	0
1817.01	0
1818.01	0
1819.01	0
1820.01	0
1820.02	0
1821.01	0
1822.01	0
1823.01	0
1823.02	0
1824.01	0
1824.02	0
1825.01	0
1826.01	0
1827.01	0
1828.01	0
1829.01	0
1830.01	0
1830.02	0
1831.01	0
1831.02	0
1831.03	0
1831.04	0
1832.01	0
1832.02	0
1832.03	0
1833.01	0
1833.02	0
1833.03	0
1834.01	0
1835.01	0
1835.02	0
1835.03	0
1836.01	0
1837.01	0
1837.02	0
1838.01	0
1839.01	0
1839.02	0
1840.01	0
1841.01	0
1842.01	0
1843.01	0
1843.02	0
1844.01	0
1845.01	0
1845.02	0
1846.01	0
1847.01	0
1848.01	0
1849.01	0
1850.01	0
1851.01	0
1852.01	0
1853.01	0
1854.01	0
1855.01	0
1856.01	0
1857.01	0
1858.01	0
1858.02	0
1859.01	0
1860.01	0
1860.02	0
1860.03	0
1860.04	0
1861.01	0
1862.01	0
1863.01	0
1864.01	0
1865.01	0
1866.01	0
1867.01	0
1867.02	0
1867.03	0
1868.01	0
1869.01	0
1870.01	0
1871.01	0
1871.02	0
1872.01	0
1873.01	0
1873.02	0
1874.01	0
1874.02	0
1875.01	0
1875.02	0
1876.01	0
1877.01	0
1878.01	0
1879.01	0
1880.01	0
1881.01	0
1882.01	0
1883.01	0
1884.01	0
1884.02	0
1885.01	0
1886.01	0
1887.01	0
1888.01	0
1889.01	0
1889.02	0
1890.01	0
1891.01	0
1891.02	0
1892.01	0
1893.01	0
1894.01	0
1895.01	0
1895.02	0
1895.03	0
1896.01	0
1897.01	0
1898.01	0
1899.01	0
1899.02	0
1900.01	0
1901.01	0
1902.01	0
1903.01	0
1904.01	0
1905.01	0
1905.02	0
1905.03	0
1906.01	0
1907.01	0
1908.01	0
1908.02	0
1909.01	0
1909.02	0
1909.03	0
1910.01	0
1911.01	0
1912.01	1
1913.01	0
1914.01	0
1915.01	0
1915.02	0
1916.01	0
1916.02	0
1916.03	0
1917.01	0
1918.01	0
1919.01	0
1920.01	0
1920.02	0
1921.01	0
1922.01	0
1922.02	0
1922.03	0
1923.01	0
1924.01	0
1925.01	0
1928.01	0
1929.01	0
1929.02	0
1930.01	0
1930.02	0
1930.03	0
1930.04	0
1931.01	0
1931.02	0
1931.03	0
1932.01	0
1932.02	0
1933.01	0
1934.01	0
1935.01	0
1936.01	0
1937.01	0
1938.01	0
1939.01	0
1940.01	0
1940.02	0
1941.01	0
1942.01	0
1943.01	0
1944.01	0
1944.02	0
1945.01	0
1945.02	0
1946.01	0
1947.01	0
1948.01	0
1949.01	0
1950.01	0
1951.01	0
1952.01	0
1952.02	0
1952.03	0
1952.04	0
1953.01	0
1954.01	0
1955.01	0
1955.02	0
1955.03	0
1955.04	0
1956.01	0
1957.01	0
1958.01	0
1959.01	0
1960.01	0
1960.02	0
1961.01	0
1961.02	0
1962.01	0
1963.01	0
1964.01	0
1965.01	0
1966.01	0
1967.01	0
1968.01	0
1969.01	0
1970.01	0
1970.02	0
1971.01	0
1972.01	0
1972.02	0
1973.01	0
1974.01	0
1975.01	0
1976.01	0
1977.01	0
1977.02	0
1978.01	0
1978.02	0
1979.01	0
1980.01	0
1981.01	0
1982.01	0
1983.01	0
1984.01	0
1985.01	0
1986.01	0
1986.02	0
1987.01	0
1988.01	0
1989.01	0
1990.01	0
1991.01	0
1992.01	0
1992.02	0
1992.03	0
1993.01	0
1994.01	0
1995.01	0
1996.01	0
1996.02	0
1997.01	0
1998.01	0
1999.01	0
2000.01	0
2001.01	0
2002.01	0
2003.01	0
2004.01	0
2004.02	0
2004.03	0
2005.01	0
2006.01	0
2007.01	0
2007.02	0
2008.01	0
2009.01	0
2010.01	0
2011.01	0
2011.02	0
2012.01	0
2012.02	0
2013.01	0
2014.01	0
2015.01	0
2016.01	0
2017.01	0
2018.01	0
2018.02	0
2019.01	0
2020.01	0
2021.01	0
2022.01	0
2022.02	0
2023.01	0
2024.01	0
2025.01	0
2025.02	0
2025.03	0
2026.01	0
2027.01	0
2028.01	0
2028.02	0
2028.03	0
2029.01	0
2029.02	0
2029.03	0
2029.04	0
2030.01	0
2031.01	0
2032.01	0
2033.01	0
2034.01	0
2034.02	0
2035.01	0
2036.01	0
2036.02	0
2037.01	0
2037.02	0
2037.03	0
2038.01	0
2038.02	0
2038.03	0
2038.04	0
2039.01	0
2039.02	0
2040.01	0
2041.01	0
2042.01	0
2043.01	0
2044.01	0
2045.01	0
2045.02	0
2045.03	0
2046.01	0
2047.01	0
2048.01	0
2048.02	0
2049.01	0
2050.01	0
2051.01	0
2051.02	0
2052.01	0
2053.01	0
2053.02	0
2054.01	0
2055.01	0
2055.02	0
2055.03	0
2055.04	0
2056.01	0
2057.01	0
2058.01	0
2059.01	0
2059.02	0
2060.01	0
2061.01	0
2061.02	0
2062.01	0
2063.01	0
2064.01	0
2065.01	0
2066.01	0
2067.01	0
2068.01	0
2069.01	0
2070.01	0
2071.01	0
2072.01	0
2073.01	0
2073.02	0
2073.03	0
2074.01	0
2075.01	0
2076.01	0
2076.02	0
2077.01	0
2078.01	0
2078.02	0
2079.01	0
2080.01	0
2080.02	0
2081.01	0
2081.02	0
2082.01	0
2083.01	0
2084.01	0
2085.01	0
2086.01	0
2086.02	0
2086.03	0
2086.04	0
2087.01	0
2088.01	0
2089.01	0
2090.01	0
2091.01	0
2092.01	0
2092.02	0
2092.03	0
2093.01	0
2093.02	0
2093.03	0
2094.01	0
2094.02	0
2095.01	0
2096.01	0
2097.01	0
2098.01	0
2098.02	0
2099.01	0
2100.01	0
2101.01	0
2102.01	0
2103.01	0
2104.01	0
2105.01	0
2106.01	0
2107.01	0
2108.01	0
2109.01	0
2110.01	0
2111.01	0
2111.02	0
2112.01	0
2113.01	0
2113.02	0
2114.01	0
2115.01	0
2116.01	0
2117.01	0
2118.01	0
2119.01	0
2120.01	0
2121.01	0
2122.01	0
2123.01	0
2124.01	0
2125.01	0
2126.01	0
2127.01	0
2128.01	0
2129.01	0
2130.01	0
2131.01	0
2132.01	0
2133.01	0
2134.01	0
2135.01	0
2135.02	0
2135.03	0
2136.01	0
2137.01	0
2138.01	0
2139.01	0
2140.01	0
2141.01	0
2142.01	0
2143.01	0
2144.01	0
2145.01	0
2146.01	0
2147.01	0
2147.02	0
2148.01	0
2148.02	0
2148.03	0
2149.01	0
2150.01	0
2150.02	0
2151.01	0
2152.01	0
2153.01	0
2153.02	0
2154.01	0
2155.01	0
2156.01	0
2157.01	0
2158.01	0
2158.02	0
2159.01	0
2159.02	0
2160.01	0
2160.02	2
2161.01	0
2162.01	0
2162.02	0
2163.01	0
2163.02	0
2163.03	0
2164.01	0
2165.01	0
2166.01	0
2167.01	0
2167.02	0
2167.03	0
2168.01	0
2168.02	0
2169.01	0
2169.02	0
2169.03	0
2169.04	0
2170.01	0
2171.01	0
2172.01	0
2172.02	0
2173.01	0
2173.02	0
2174.01	0
2174.02	0
2174.03	0
2175.01	0
2175.02	0
2177.01	0
2178.01	0
2179.01	0
2179.02	0
2180.01	0
2181.01	0
2182.01	0
2183.01	0
2183.02	0
2183.03	0
2184.01	0
2184.02	0
2185.01	0
2186.01	0
2187.01	0
2188.01	0
2188.02	0
2189.01	0
2190.01	0
2191.01	0
2192.01	0
2193.01	0
2193.02	0
2194.01	0
2194.02	0
2194.03	0
2195.01	0
2195.02	0
2195.03	0
2196.01	0
2197.01	0
2198.01	0
2199.01	0
2200.01	0
2201.01	0
2202.01	0
2203.01	0
2203.02	0
2204.01	0
2205.01	0
2206.01	0
2207.01	0
2208.01	0
2209.01	0
2209.02	0
2210.01	0
2210.02	0
2211.01	0
2212.01	0
2213.01	0
2214.01	0
2215.01	0
2216.01	0
2217.01	0
2218.01	0
2218.02	0
2219.01	0
2220.01	0
2220.02	0
2220.03	0
2220.04	0
2220.05	0
2221.01	0
2222.01	0
2223.01	0
2224.01	0
2224.02	0
2225.01	0
2226.01	0
2227.01	0
2229.01	0
2230.01	0
2231.01	0
2232.01	0
2233.01	0
2234.01	0
2235.01	0
2236.01	0
2236.02	0
2237.01	0
2238.01	0
2239.01	0
2240.01	0
2241.01	0
2242.01	0
2243.01	0
2243.02	0
2244.01	0
2245.01	0
2246.01	0
2247.01	0
2248.01	0
2248.02	0
2248.03	0
2248.04	0
2249.01	0
2250.01	0
2250.02	0
2251.01	0
2252.01	0
2253.01	0
2254.01	0
2255.01	0
2256.01	0
2257.01	0
2257.02	0
2258.01	0
2259.01	0
2260.01	0
2261.01	0
2261.02	0
2262.01	0
2263.01	0
2263.02	0
2264.01	0
2265.01	0
2266.01	0
2267.01	0
2268.01	0
2269.01	0
2270.01	0
2271.01	0
2272.01	0
2273.01	0
2274.01	0
2275.01	0
2276.01	0
2277.01	0
2278.01	0
2278.02	0
2279.01	0
2279.02	0
2280.01	0
2281.01	0
2281.02	0
2282.01	0
2283.01	0
2284.01	0
2285.01	0
2286.01	0
2287.01	0
2287.02	0
2288.01	0
2289.01	0
2289.02	0
2290.01	0
2291.01	0
2292.01	0
2293.01	0
2294.01	0
2295.01	0
2296.01	0
2297.01	0
2298.01	0
2298.02	0
2299.01	0
2300.01	0
2301.01	0
2302.01	0
2303.01	0
2303.02	0
2304.01	0
2305.01	0
2306.01	0
2307.01	0
2308.01	0
2309.01	0
2310.01	0
2312.01	0
2313.01	0
2314.01	0
2315.01	0
2316.01	0
2317.01	0
2318.01	0
2319.01	0
2320.01	0
2321.01	0
2322.01	0
2324.01	1
2325.01	0
2327.01	0
2327.02	0
2328.01	0
2329.01	0
2330.01	0
2331.01	0
2332.01	0
2333.01	0
2333.02	0
2335.01	0
2336.01	0
2337.01	0
2338.01	0
2339.01	0
2339.02	0
2340.01	0
2341.01	0
2342.01	0
2343.01	0
2344.01	0
2345.01	0
2346.01	0
2347.01	0
2348.01	0
2349.01	0
2350.01	0
2351.01	0
2352.01	0
2352.02	0
2352.03	0
2353.01	0
2354.01	0
2355.01	0
2356.01	0
2357.01	0
2357.02	0
2358.01	0
2359.01	0
2360.01	0
2360.02	0
2361.01	0
2362.01	0
2362.02	0
2363.01	0
2364.01	0
2365.01	0
2365.02	0
2366.01	0
2367.01	0
2368.01	0
2369.01	0
2369.02	0
2370.01	0
2371.01	0
2372.01	0
2373.01	0
2374.01	0
2374.02	0
2375.01	0
2376.01	0
2377.01	0
2378.01	0
2379.01	0
2380.01	0
2381.01	0
2382.01	0
2383.01	0
2384.01	0
2385.01	0
2386.01	0
2387.01	0
2388.01	0
2389.01	0
2390.01	0
2391.01	0
2392.01	0
2393.01	0
2393.02	0
2395.01	0
2396.01	0
2397.01	0
2398.01	0
2399.01	0
2400.01	0
2401.01	0
2402.01	0
2403.01	0
2404.01	0
2404.02	0
2405.01	0
2406.01	0
2407.01	0
2408.01	0
2409.01	0
2411.01	0
2412.01	0
2413.01	0
2413.02	0
2414.01	0
2414.02	0
2415.01	0
2416.01	0
2417.01	0
2418.01	0
2419.01	0
2420.01	0
2420.02	0
2421.01	0
2422.01	0
2422.02	0
2423.01	0
2424.01	0
2425.01	0
2426.01	0
2427.01	0
2428.01	0
2429.01	0
2430.01	0
2431.01	0
2432.01	0
2432.02	2
2433.01	0
2433.02	0
2433.03	0
2433.04	0
2433.05	0
2433.06	0
2433.07	0
2434.01	0
2435.01	0
2436.01	0
2437.01	0
2438.01	0
2439.01	0
2440.01	0
2441.01	0
2442.01	0
2442.02	0
2443.01	0
2443.02	0
2444.01	0
2445.01	0
2446.01	0
2447.01	0
2448.01	0
2449.01	0
2450.01	0
2450.02	0
2451.01	0
2452.01	0
2453.01	0
2454.01	0
2455.01	0
2456.01	0
2457.01	0
2458.01	0
2458.02	0
2460.01	0
2461.01	0
2462.01	0
2463.01	0
2464.01	0
2465.01	0
2466.01	0
2466.02	0
2467.01	0
2468.01	0
2469.01	0
2470.01	0
2471.01	0
2472.01	0
2473.01	0
2473.02	2
2473.03	0
2474.01	0
2475.01	0
2476.01	0
2477.01	0
2478.01	0
2479.01	0
2480.01	0
2481.01	0
2482.01	0
2483.01	0
2484.01	0
2485.01	0
2485.02	0
2485.03	0
2486.01	0
2487.01	0
2488.01	0
2489.01	0
2490.01	0
2491.01	0
2492.01	0
2493.01	0
2494.01	0
2495.01	0
2496.01	0
2497.01	0
2498.01	0
2498.02	0
2499.01	0
2500.01	0
2501.01	0
2503.01	0
2504.01	0
2505.01	0
2505.02	0
2506.01	0
2507.01	0
2508.01	0
2509.01	0
2510.01	0
2511.01	0
2512.01	0
2513.01	0
2514.01	0
2516.01	0
2517.01	0
2518.01	0
2519.01	0
2520.01	0
2521.01	0
2521.02	0
2522.01	0
2523.01	0
2524.01	0
2525.01	0
2526.01	0
2527.01	0
2528.01	0
2529.01	0
2529.02	0
2530.01	0
2531.01	0
2532.01	0
2533.01	0
2533.02	2
2533.03	0
2534.01	0
2534.02	0
2535.01	0
2536.01	0
2537.01	0
2538.01	0
2539.01	0
2540.01	0
2541.01	0
2541.02	0
2542.01	0
2543.01	0
2544.01	0
2545.01	0
2546.01	0
2547.01	0
2548.01	0
2549.01	0
2550.01	0
2551.01	0
2552.01	0
2553.01	0
2554.01	0
2554.02	0
2555.01	0
2556.01	0
2557.01	0
2558.01	0
2559.01	0
2560.01	0
2561.01	0
2562.01	0
2563.01	0
2563.02	0
2564.01	0
2565.01	0
2566.01	0
2567.01	0
2568.01	0
2569.01	0
2570.01	0
2570.02	2
2571.01	0
2572.01	0
2573.01	0
2574.01	0
2575.01	0
2576.01	0
2577.01	0
2578.01	0
2579.01	0
2579.02	0
2579.03	0
2580.01	0
2581.01	0
2582.01	0
2583.01	0
2584.01	0
2585.01	0
2585.02	0
2585.03	0
2586.01	0
2586.02	0
2587.01	0
2588.01	0
2589.01	0
2590.01	0
2590.02	0
2591.01	0
2592.01	0
2593.01	0
2594.01	0
2595.01	0
2595.02	0
2596.01	0
2597.01	0
2597.02	0
2597.03	0
2598.01	0
2599.01	0
2600.01	0
2601.01	0
2602.01	0
2603.01	0
2604.01	0
2605.01	0
2606.01	0
2607.01	0
2608.01	0
2609.01	0
2610.01	0
2610.02	0
2611.01	0
2612.01	0
2612.02	0
2613.01	0
2614.01	0
2615.01	0
2616.01	0
2617.01	0
2618.01	0
2619.01	0
2620.01	0
2621.01	0
2622.01	0
2623.01	0
2624.01	0
2625.01	0
2626.01	0
2627.01	0
2628.01	0
2629.01	0
2630.01	0
2631.01	0
2631.02	2
2632.01	0
2633.01	0
2634.01	0
2635.01	0
2636.01	0
2637.01	0
2638.01	0
2639.01	0
2639.02	0
2641.01	0
2642.01	0
2643.01	0
2644.01	0
2645.01	0
2646.01	0
2647.01	0
2648.01	0
2649.01	0
2650.01	0
2650.02	0
2651.01	0
2652.01	0
2653.01	0
2654.01	0
2655.01	0
2656.01	0
2657.01	0
2658.01	0
2659.01	0
2660.01	0
2661.01	0
2662.01	0
2663.01	0
2664.01	0
2665.01	0
2666.01	0
2667.01	0
2668.01	0
2669.01	0
2670.01	0
2671.01	1
2671.02	1
2672.01	0
2672.02	0
2673.01	0
2674.01	0
2674.02	0
2674.03	0
2675.01	0
2675.02	0
2676.01	0
2677.01	0
2678.01	0
2679.01	0
2680.01	0
2681.01	0
2681.02	0
2682.01	1
2683.01	0
2684.01	0
2685.01	0
2686.01	0
2687.01	0
2687.02	0
2688.01	0
2689.01	0
2690.01	0
2691.01	0
2692.01	0
2693.01	0
2693.02	0
2693.03	0
2694.01	0
2694.02	0
2695.01	0
2696.01	0
2696.02	0
2697.01	0
2698.01	0
2699.01	0
2700.01	0
2701.01	0
2702.01	0
2703.01	0
2704.01	0
2704.02	0
2705.01	0
2706.01	0
2707.01	0
2707.02	0
2707.03	0
2708.01	0
2709.01	0
2710.01	0
2711.01	0
2711.02	0
2712.01	0
2713.01	0
2714.01	0
2714.02	0
2714.03	0
2715.01	0
2715.02	0
2715.03	0
2716.01	0
2716.02	0
2717.01	0
2718.01	0
2719.01	0
2719.02	0
2720.01	0
2721.01	0
2722.01	0
2722.02	0
2722.03	0
2722.04	0
2722.05	0
2723.01	0
2724.01	0
2725.01	0
2726.01	0
2727.01	0
2728.01	0
2729.01	0
2730.01	0
2731.01	0
2732.01	0
2732.02	0
2732.03	0
2732.04	0
2733.01	0
2734.01	0
2735.01	0
2736.01	0
2737.01	0
2738.01	0
2739.01	0
2739.02	0
2740.01	0
2741.01	0
2742.01	0
2743.01	0
2744.01	0
2744.02	0
2745.01	0
2746.01	0
2747.01	0
2748.01	0
2748.02	0
2749.01	0
2750.01	0
2751.01	0
2752.01	0
2753.01	0
2754.01	0
2755.01	0
2756.01	0
2757.01	0
2758.01	0
2759.01	0
2760.01	0
2761.01	0
2762.01	0
2763.01	0
2764.01	0
2765.01	0
2766.01	0
2767.01	0
2768.01	0
2768.02	0
2768.03	0
2769.01	0
2770.01	0
2771.01	0
2772.01	0
2773.01	0
2774.01	1
2775.01	0
2776.01	0
2777.01	0
2778.01	0
2779.01	0
2780.01	0
2781.01	0
2782.01	0
2783.01	0
2784.01	0
2785.01	0
2786.01	0
2787.01	0
2788.01	0
2789.01	0
2790.01	0
2791.01	0
2792.01	0
2793.01	0
2793.02	0
2794.01	0
2795.01	0
2796.01	0
2797.01	0
2798.01	0
2799.01	0
2800.01	0
2801.01	0
2802.01	0
2803.01	0
2804.01	0
2805.01	0
2806.01	0
2807.01	0
2808.01	0
2809.01	0
2810.01	0
2810.02	0
2811.01	0
2812.01	0
2813.01	0
2814.01	0
2815.01	0
2816.01	0
2817.01	0
2818.01	0
2819.01	0
2820.01	0
2821.01	0
2822.01	0
2823.01	0
2824.01	0
2825.01	0
2826.01	1
2827.01	0
2828.01	0
2828.02	0
2829.01	0
2830.01	0
2831.01	0
2832.01	0
2833.01	0
2834.01	0
2835.01	0
2836.01	0
2837.01	0
2838.01	0
2838.02	0
2839.01	0
2840.01	0
2840.02	0
2841.01	0
2842.01	0
2842.02	0
2842.03	0
2844.01	0
2845.01	0
2846.01	0
2847.01	0
2848.01	0
2849.01	0
2850.01	0
2851.01	0
2851.02	0
2852.01	0
2853.01	0
2854.01	1
2855.01	0
2856.01	0
2857.01	0
2857.02	0
2858.01	0
2859.01	0
2859.02	0
2859.03	0
2859.04	0
2860.01	0
2861.01	0
2862.01	0
2863.01	0
2864.01	0
2865.01	0
2866.01	0
2867.01	0
2867.02	0
2868.01	0
2869.01	0
2869.02	0
2870.01	0
2871.01	0
2871.02	0
2871.03	0
2872.01	0
2873.01	0
2874.01	0
2875.01	0
2876.01	0
2877.01	0
2878.01	0
2879.01	0
2880.01	0
2881.01	0
2882.01	0
2882.02	0
2883.01	0
2884.01	0
2885.01	0
2886.01	0
2887.01	0
2888.01	0
2889.01	0
2890.01	0
2891.01	0
2892.01	0
2893.01	0
2894.01	0
2895.01	0
2896.01	0
2897.01	0
2898.01	0
2899.01	0
2900.01	0
2901.01	0
2903.01	0
2904.01	0
2905.01	0
2906.01	0
2906.02	0
2907.01	0
2908.01	0
2909.01	0
2910.01	0
2911.01	0
2912.01	0
2913.01	0
2914.01	0
2915.01	0
2916.01	0
2917.01	0
2918.01	0
2919.01	0
2920.01	0
2921.01	0
2922.01	0
2923.01	0
2924.01	0
2925.01	0
2926.01	0
2926.02	0
2926.03	0
2926.04	0
2927.01	0
2928.01	0
2929.01	0
2930.01	0
2931.01	0
2932.01	0
2933.01	0
2934.01	0
2935.01	0
2936.01	0
2941.01	0
2942.01	0
2942.02	0
2943.01	0
2944.01	0
2945.01	0
2946.01	0
2947.01	0
2948.01	0
2949.01	0
2949.02	0
2950.01	0
2951.01	0
2952.01	0
2953.01	0
2954.01	0
2955.01	0
2956.01	0
2957.01	0
2958.01	0
2959.01	0
2960.01	0
2961.01	0
2962.01	0
2963.01	0
2963.02	0
2964.01	0
2965.01	0
2966.01	0
2967.01	0
2968.01	0
2969.01	0
2970.01	0
2971.01	0
2971.02	0
2972.01	0
2972.02	0
2973.01	0
2974.01	0
2975.01	0
2976.01	0
2977.01	0
2977.02	0
2978.01	0
2979.01	0
2980.01	0
2981.01	0
2982.01	0
2983.01	0
2984.01	0
2985.01	0
2986.01	0
2987.01	0
2989.01	0
2990.01	0
2991.01	0
2992.01	0
2993.01	0
2994.01	0
2995.01	0
2996.01	0
2997.01	0
2998.01	0
2999.01	0
3000.01	0
3001.01	0
3002.01	0
3003.01	0
3004.01	0
3004.02	0
3005.01	0
3006.01	0
3007.01	0
3008.01	0
3009.01	0
3010.01	0
3011.01	0
3012.01	0
3013.01	0
3014.01	0
3015.01	0
3016.01	0
3017.01	0
3018.01	0
3019.01	0
3020.01	0
3021.01	0
3022.01	0
3022.02	0
3023.01	0
3024.01	0
3025.01	0
3026.01	0
3027.01	0
3028.01	0
3028.02	0
3029.01	0
3029.02	0
3030.01	0
3031.01	0
3032.01	0
3033.01	0
3034.01	0
3035.01	0
3036.01	0
3037.01	0
3038.01	0
3039.01	0
3040.01	0
3041.01	0
3042.01	0
3043.01	0
3043.02	0
3044.01	0
3045.01	0
3047.01	0
3048.01	0
3049.01	0
3050.01	0
3051.01	0
3052.01	0
3052.02	0
3053.01	0
3054.01	0
3056.01	0
3057.01	0
3057.02	0
3058.01	0
3059.01	0
3060.01	0
3061.01	0
3061.02	0
3062.01	0
3063.01	0
3064.01	0
3065.01	0
3066.01	0
3067.01	0
3068.01	0
3069.01	0
3070.01	0
3071.01	0
3072.01	0
3073.01	0
3074.01	0
3075.01	0
3077.01	0
3077.02	0
3078.01	0
3081.01	0
3082.01	0
3083.01	0
3083.02	0
3083.03	0
3084.01	0
3085.01	0
3086.01	0
3087.01	0
3087.02	0
3088.01	0
3088.02	0
3089.01	0
3090.01	0
3090.02	0
3091.01	0
3092.01	0
3093.01	0
3094.01	0
3095.01	0
3096.01	0
3097.01	0
3097.02	0
3097.03	0
3098.01	0
3099.01	0
3100.01	0
3101.01	0
3102.01	0
3103.01	0
3104.01	0
3105.01	0
3106.01	0
3107.01	0
3108.01	0
3109.01	0
3110.01	0
3111.01	0
3111.02	0
3112.01	0
3113.01	0
3114.01	0
3115.01	0
3116.01	0
3117.01	0
3119.01	0
3120.01	0
3121.01	0
3122.01	0
3123.01	0
3124.01	0
3125.01	0
3126.01	0
3127.01	0
3128.01	0
3129.01	0
3130.01	0
3130.02	0
3131.01	0
3132.01	0
3133.01	0
3134.01	0
3135.01	0
3136.01	0
3137.01	0
3138.01	1
3140.01	0
3141.01	0
3142.01	0
3144.01	0
3145.01	0
3145.02	0
3146.01	0
3147.01	0
3148.01	0
3155.01	0
3156.01	0
3156.02	0
3156.03	0
3156.04	0
3157.01	0
3158.01	0
3158.02	0
3158.03	0
3158.04	0
3158.05	0
3159.01	0
3161.01	0
3162.01	0
3163.01	0
3164.01	0
3165.01	0
3167.01	0
3168.01	0
3169.01	0
3172.01	0
3172.02	0
3173.01	0
3174.01	1
3175.01	0
3178.01	0
3179.01	0
3181.01	0
3182.01	0
3184.01	0
3184.02	0
3185.01	0
3186.01	0
3187.01	0
3188.01	0
3190.01	0
3191.01	0
3192.01	0
3193.01	1
3194.01	0
3195.01	0
3196.01	0
3196.02	0
3197.01	0
3198.01	0
3199.01	1
3200.01	0
3201.01	0
3202.01	0
3203.01	0
3204.01	0
3205.01	0
3206.01	1
3207.01	0
3208.01	0
3209.01	0
3210.01	0
3211.01	1
3212.01	0
3213.01	0
3214.01	0
3214.02	0
3215.01	0
3216.01	0
3217.01	0
3218.01	0
3219.01	0
3220.01	0
3221.01	0
3222.01	0
3223.01	0
3224.01	0
3225.01	0
3226.01	0
3227.01	0
3228.01	0
3230.01	0
3231.01	0
3232.01	0
3234.01	0
3235.01	0
3236.01	0
3237.01	0
3239.01	0
3240.01	0
3241.01	0
3242.01	0
3243.01	0
3244.01	0
3245.01	0
3246.01	0
3247.01	0
3248.01	0
3249.01	0
3250.01	0
3251.01	0
3252.01	0
3253.01	0
3254.01	0
3255.01	0
3256.01	0
3257.01	0
3258.01	0
3259.01	0
3260.01	0
3261.01	0
3262.01	0
3263.01	0
3264.01	0
3265.01	0
3266.01	0
3267.01	0
3268.01	0
3269.01	0
3270.01	0
3271.01	0
3271.02	0
3272.01	0
3273.01	0
3274.01	0
3275.01	0
3276.01	0
3277.01	0
3278.01	0
3279.01	0
3280.01	0
3281.01	0
3282.01	0
3284.01	0
3285.01	0
3286.01	0
3287.01	0
3288.01	0
3289.01	0
3290.01	0
3291.01	0
3292.01	0
3293.01	0
3294.01	0
3295.01	0
3296.01	0
3297.01	0
3298.01	0
3299.01	0
3300.01	0
3300.02	0
3301.01	0
3302.01	0
3303.01	0
3304.01	0
3305.01	0
3306.01	0
3307.01	0
3308.01	0
3308.02	0
3309.01	0
3310.01	0
3311.01	0
3312.01	0
3313.01	0
3314.01	0
3315.01	0
3316.01	0
3317.01	0
3318.01	0
3318.02	0
3319.01	0
3319.02	0
3319.03	0
3320.01	0
3321.01	0
3322.01	0
3323.01	0
3324.01	0
3325.01	0
3326.01	0
3327.01	0
3328.01	0
3329.01	0
3330.01	0
3331.01	0
3332.01	0
3333.01	0
3334.01	0
3335.01	0
3336.01	0
3337.01	0
3338.01	0
3338.02	2
3339.01	0
3340.01	0
3340.02	0
3341.01	0
3341.02	0
3342.01	0
3343.01	0
3344.01	0
3344.02	0
3345.01	0
3346.01	0
3347.01	0
3348.01	0
3349.01	0
3350.01	0
3351.01	0
3352.01	0
3353.01	0
3354.01	0
3355.01	0
3356.01	0
3357.01	0
3358.01	0
3359.01	0
3360.01	0
3361.01	0
3362.01	0
3363.01	0
3364.01	0
3365.01	0
3366.01	0
3367.01	0
3368.01	0
3369.01	0
3370.01	0
3370.02	0
3371.01	0
3371.02	0
3372.01	0
3373.01	0
3374.01	0
3374.02	0
3375.01	0
3376.01	0
3376.02	2
3377.01	0
3378.01	0
3379.01	0
3380.01	0
3381.01	0
3381.02	0
3382.01	0
3383.01	0
3384.01	0
3384.02	0
3385.01	0
3386.01	0
3387.01	0
3388.01	0
3389.01	0
3390.01	0
3391.01	0
3392.01	0
3393.01	0
3394.01	0
3395.01	0
3396.01	0
3397.01	0
3398.01	0
3398.02	0
3398.03	0
3399.01	0
3400.01	0
3401.01	0
3401.02	0
3402.01	0
3403.01	0
3403.02	0
3404.01	0
3405.01	0
3406.01	0
3407.01	0
3408.01	0
3409.01	0
3410.01	0
3410.02	0
3411.01	0
3412.01	0
3413.01	0
3414.01	0
3415.01	0
3416.01	0
3417.01	0
3418.01	0
3419.01	0
3420.01	0
3420.02	0
3421.01	0
3422.01	0
3423.01	0
3424.01	0
3425.01	0
3425.02	0
3426.01	0
3427.01	0
3428.01	0
3429.01	0
3429.02	0
3429.03	0
3430.01	0
3431.01	0
3432.01	0
3433.01	0
3434.01	0
3435.01	0
3436.01	0
3437.01	0
3437.02	0
3438.01	0
3439.01	0
3440.01	0
3440.02	0
3441.01	0
3442.01	1
3443.01	0
3444.01	0
3444.02	0
3444.03	0
3444.04	0
3445.01	0
3446.01	0
3447.01	0
3448.01	0
3449.01	0
3450.01	0
3451.01	0
3452.01	0
3453.01	0
3454.01	0
3455.01	0
3456.01	0
3456.02	0
3457.01	0
3458.01	0
3459.01	0
3460.01	0
3461.01	0
3462.01	0
3462.02	0
3463.01	0
3464.01	0
3465.01	0
3466.01	0
3467.01	0
3468.01	0
3469.01	0
3470.01	0
3470.02	0
3471.01	0
3472.01	0
3473.01	0
3474.01	0
3475.01	0
3476.01	0
3477.01	0
3478.01	0
3479.01	0
3479.02	0
3480.01	0
3481.01	0
3482.01	0
3483.01	0
3484.01	0
3485.01	0
3486.01	0
3487.01	0
3488.01	0
3489.01	0
3490.01	0
3491.01	0
3492.01	0
3493.01	0
3494.01	0
3495.01	0
3495.02	0
3496.01	0
3496.02	0
3497.01	0
3498.01	0
3499.01	0
3499.02	0
3500.01	0
3500.02	0
3501.01	0
3502.01	0
3503.01	0
3503.02	0
3504.01	0
3504.02	2
3505.01	0
3506.01	0
3507.01	0
3508.01	0
3509.01	0
3510.01	0
3511.01	0
3512.01	0
3513.01	0
3514.01	0
3515.01	0
3516.01	0
3517.01	0
3518.01	0
3520.01	0
3521.01	0
3522.01	0
3523.01	0
3524.01	0
3525.01	0
3526.01	0
3527.01	0
3528.01	0
3529.01	0
3530.01	0
3531.01	0
3532.01	0
3533.01	0
3534.01	0
3535.01	0
3536.01	0
3537.01	0
3538.01	0
3539.01	0
3540.01	0
3541.01	0
3542.01	0
3543.01	0
3544.01	0
3545.01	0
3546.01	0
3547.01	0
3548.01	0
3549.01	0
3550.01	0
3551.01	0
3552.01	0
3553.01	0
3554.01	0
3555.01	0
3556.01	0
3557.01	0
3558.01	0
3559.01	0
3560.01	0
3561.01	0
3562.01	0
3563.01	0
3564.01	0
3565.01	0
3566.01	0
3567.01	0
3568.01	0
3569.01	0
3570.01	0
3571.01	0
3572.01	0
3573.01	0
3574.01	0
3575.01	0
3576.01	0
3577.01	0
3578.01	0
3579.01	0
3580.01	0
3581.01	0
3582.01	0
3583.01	0
3584.01	0
3585.01	0
3586.01	0
3587.01	0
3588.01	0
3589.01	0
3590.01	0
3591.01	0
3592.01	0
3593.01	0
3594.01	0
3595.01	0
3596.01	0
3597.01	0
3598.01	0
3599.01	0
3600.01	0
3601.01	0
3602.01	0
3603.01	0
3604.01	0
3605.01	0
3606.01	0
3607.01	0
3608.01	0
3609.01	0
3610.01	0
3610.02	2
3611.01	0
3612.01	0
3613.01	0
3614.01	0
3615.01	0
3616.01	0
3617.01	0
3618.01	0
3619.01	0
3620.01	0
3621.01	0
3622.01	0
3623.01	0
3624.01	0
3625.01	0
3626.01	0
3627.01	0
3627.02	0
3628.01	1
3629.01	0
3630.01	0
3631.01	1
3632.01	0
3633.01	1
3634.01	0
3635.01	0
3636.01	1
3637.01	0
3638.01	0
3639.01	0
3640.01	0
3641.01	0
3641.02	2
3642.01	0
3643.01	0
3644.01	0
3645.01	1
3646.01	0
3647.01	0
3648.01	0
3649.01	0
3650.01	0
3651.01	1
3652.01	0
3653.01	0
3654.01	0
3655.01	1
3656.01	0
3657.01	1
3658.01	0
3659.01	0
3660.01	0
3661.01	0
3662.01	0
3663.01	0
3665.01	1
3666.01	0
3667.01	0
3668.01	0
3669.01	0
3670.01	0
3671.01	0
3672.01	0
3673.01	1
3674.01	0
3675.01	0
3676.01	1
3677.01	0
3678.01	0
3679.01	1
3680.01	0
3681.01	0
3681.02	0
3682.01	1
3683.01	0
3684.01	0
3685.01	0
3685.02	0
3686.01	0
3687.01	0
3688.01	0
3689.01	0
3690.01	0
3691.01	0
3692.01	0
3693.01	0
3694.01	0
3695.01	0
3696.01	0
3697.01	0
3698.01	0
3699.01	0
3700.01	1
3701.01	0
3702.01	1
3703.01	0
3704.01	0
3705.01	0
3706.01	0
3707.01	0
3708.01	0
3709.01	0
3710.01	0
3711.01	0
3712.01	0
3713.01	1
3714.01	0
3715.01	0
3717.01	0
3718.01	0
3719.01	0
3720.01	0
3721.01	0
3722.01	0
3723.01	0
3724.01	0
3725.01	0
3726.01	0
3727.01	0
3728.01	0
3729.01	0
3730.01	1
3731.01	0
3732.01	0
3733.01	1
3734.01	0
3735.01	0
3736.01	0
3737.01	0
3738.01	1
3739.01	0
3740.01	0
3741.01	0
3741.02	0
3741.03	0
3741.04	0
3742.01	0
3743.01	1
3744.01	0
3745.01	1
3746.01	1
3747.01	0
3747.02	0
3748.01	0
3748.02	0
3749.01	0
3750.01	0
3751.01	0
3752.01	0
3753.01	0
3754.01	1
3755.01	0
3756.01	0
3757.01	0
3758.01	0
3759.01	0
3760.01	0
3761.01	0
3762.01	0
3763.01	0
3764.01	0
3765.01	0
3766.01	0
3767.01	0
3768.01	0
3769.01	0
3770.01	0
3771.01	0
3772.01	1
3773.01	0
3774.01	0
3775.01	0
3776.01	0
3777.01	0
3778.01	0
3779.01	0
3780.01	0
3781.01	0
3782.01	0
3783.01	0
3784.01	0
3785.01	0
3786.01	0
3787.01	0
3788.01	0
3789.01	0
3790.01	1
3791.01	0
3791.02	0
3792.01	0
3793.01	1
3794.01	0
3795.01	0
3796.01	0
3797.01	0
3798.01	0
3799.01	0
3800.01	0
3801.01	0
3802.01	0
3803.01	0
3804.01	0
3805.01	0
3806.01	0
3807.01	0
3808.01	0
3809.01	0
3810.01	0
3811.01	0
3812.01	0
3813.01	0
3814.01	0
3815.01	0
3816.01	0
3817.01	0
3818.01	0
3819.01	0
3820.01	0
3821.01	0
3822.01	0
3823.01	0
3824.01	0
3825.01	0
3826.01	0
3827.01	0
3827.02	2
3828.01	0
3829.01	1
3830.01	0
3831.01	1
3832.01	0
3833.01	0
3834.01	0
3835.01	0
3836.01	0
3837.01	0
3838.01	0
3839.01	0
3840.01	0
3841.01	0
3842.01	0
3843.01	0
3844.01	1
3845.01	0
3846.01	0
3847.01	0
3848.01	0
3849.01	0
3850.01	0
3851.01	1
3852.01	0
3853.01	0
3854.01	0
3855.01	1
3856.01	0
3857.01	1
3858.01	0
3859.01	1
3860.01	0
3861.01	0
3862.01	0
3862.02	0
3863.01	0
3864.01	0
3864.02	0
3865.01	0
3866.01	0
3867.01	0
3868.01	0
3869.01	0
3870.01	0
3871.01	0
3872.01	0
3873.01	0
3874.01	0
3875.01	0
3876.01	0
3877.01	0
3878.01	0
3878.02	0
3879.01	0
3880.01	0
3881.01	0
3882.01	0
3883.01	0
3884.01	0
3885.01	0
3886.01	0
3887.01	0
3888.01	0
3889.01	0
3890.01	0
3891.01	0
3892.01	0
3893.01	0
3894.01	0
3895.01	1
3896.01	0
3897.01	0
3898.01	0
3899.01	1
3900.01	0
3901.01	0
3902.01	0
3903.01	0
3904.01	0
3905.01	0
3906.01	0
3907.01	0
3908.01	0
3909.01	0
3910.01	0
3911.01	0
3912.01	0
3913.01	0
3914.01	0
3915.01	0
3916.01	0
3917.01	0
3918.01	1
3919.01	0
3920.01	0
3921.01	0
3922.01	0
3923.01	0
3924.01	0
3925.01	0
3925.02	0
3925.03	0
3926.01	0
3927.01	0
3928.01	0
3929.01	0
3930.01	0
3931.01	0
3932.01	0
3933.01	0
3934.01	0
3935.01	0
3936.01	0
3936.02	0
3937.01	0
3938.01	0
3939.01	0
3940.01	0
3941.01	0
3942.01	0
3943.01	0
3944.01	0
3945.01	0
3946.01	0
3947.01	1
3947.02	1
3948.01	0
3949.01	0
3950.01	0
3951.01	0
3952.01	0
3953.01	0
3954.01	0
3954.02	0
3955.01	0
3956.01	0
3956.02	0
3957.01	0
3958.01	0
3959.01	0
3960.01	0
3961.01	0
3962.01	0
3964.01	0
3965.01	0
3966.01	0
3967.01	0
3968.01	0
3969.01	0
3970.01	0
3971.01	0
3972.01	0
3973.01	0
3974.01	0
3975.01	0
3976.01	0
3977.01	0
3978.01	0
3979.01	0
3980.01	0
3981.01	0
3982.01	1
3983.01	0
3984.01	0
3985.01	0
3986.01	0
3987.01	0
3988.01	0
3989.01	0
3990.01	0
3991.01	0
3992.01	0
3993.01	1
3994.01	0
3995.01	0
3996.01	0
3997.01	0
3998.01	0
3999.01	0
4000.01	0
4000.02	0
4001.01	0
4002.01	0
4003.01	0
4004.01	0
4005.01	0
4006.01	0
4007.01	0
4008.01	0
4009.01	0
4009.02	0
4010.01	0
4011.01	0
4012.01	0
4013.01	0
4014.01	0
4015.01	0
4016.01	0
4017.01	0
4018.01	0
4019.01	0
4020.01	0
4021.01	0
4021.02	0
4022.01	0
4023.01	0
4024.01	0
4025.01	0
4026.01	0
4027.01	0
4028.01	1
4029.01	0
4030.01	0
4030.02	2
4031.01	0
4032.01	0
4032.02	0
4032.03	0
4032.04	0
4033.01	0
4034.01	0
4034.02	0
4035.01	1
4036.01	0
4037.01	0
4038.01	0
4039.01	0
4040.01	0
4041.01	0
4042.01	0
4043.01	0
4044.01	0
4045.01	0
4046.01	0
4046.02	2
4047.01	0
4048.01	0
4049.01	0
4050.01	0
4051.01	0
4052.01	0
4053.01	0
4054.01	0
4055.01	0
4056.01	0
4057.01	0
4058.01	0
4059.01	0
4060.01	0
4061.01	0
4062.01	0
4063.01	0
4064.01	0
4065.01	0
4066.01	0
4067.01	0
4068.01	0
4069.01	0
4070.01	0
4071.01	0
4072.01	0
4073.01	0
4074.01	0
4075.01	0
4076.01	0
4077.01	0
4078.01	0
4079.01	0
4080.01	0
4081.01	0
4082.01	0
4083.01	0
4084.01	0
4085.01	0
4086.01	0
4087.01	0
4088.01	0
4089.01	0
4090.01	0
4091.01	0
4092.01	0
4093.01	0
4094.01	0
4095.01	0
4096.01	0
4097.01	0
4097.02	0
4098.01	0
4099.01	0
4100.01	0
4101.01	0
4102.01	0
4103.01	0
4103.02	0
4104.01	0
4105.01	0
4106.01	0
4107.01	0
4108.01	0
4109.01	0
4110.01	0
4111.01	0
4112.01	0
4113.01	0
4114.01	0
4115.01	0
4116.01	0
4117.01	0
4118.01	1
4119.01	0
4120.01	0
4121.01	0
4122.01	0
4123.01	0
4124.01	0
4125.01	0
4126.01	0
4127.01	0
4128.01	0
4129.01	0
4130.01	0
4131.01	0
4131.02	0
4132.01	0
4133.01	0
4135.01	0
4136.01	0
4136.02	0
4137.01	0
4138.01	0
4139.01	0
4140.01	0
4141.01	0
4142.01	0
4143.01	0
4144.01	0
4145.01	0
4146.01	0
4147.01	0
4148.01	0
4149.01	0
4149.02	0
4150.01	0
4151.01	0
4152.01	0
4153.01	0
4154.01	0
4154.02	0
4155.01	0
4156.01	0
4157.01	0
4158.01	0
4159.01	0
4160.01	0
4161.01	0
4162.01	0
4163.01	0
4164.01	0
4165.01	0
4166.01	0
4167.01	0
4168.01	0
4169.01	0
4170.01	0
4171.01	0
4172.01	0
4173.01	0
4174.01	0
4175.01	0
4176.01	0
4177.01	0
4178.01	0
4179.01	0
4180.01	0
4181.01	0
4181.02	0
4182.01	0
4183.01	0
4184.01	0
4185.01	0
4186.01	0
4187.01	0
4188.01	0
4189.01	0
4190.01	0
4191.01	0
4192.01	0
4192.02	0
4193.01	0
4194.01	0
4195.01	0
4196.01	0
4197.01	0
4198.01	0
4199.01	0
4200.01	0
4201.01	0
4202.01	0
4203.01	0
4204.01	0
4205.01	0
4206.01	0
4207.01	0
4208.01	0
4209.01	0
4210.01	0
4211.01	0
4212.01	0
4212.02	0
4213.01	0
4214.01	0
4215.01	0
4216.01	0
4217.01	0
4218.01	0
4219.01	0
4220.01	0
4221.01	0
4222.01	0
4223.01	0
4224.01	0
4225.01	0
4226.01	0
4227.01	0
4228.01	0
4229.01	0
4230.01	0
4231.01	0
4232.01	0
4233.01	0
4234.01	0
4235.01	0
4236.01	0
4237.01	0
4238.01	0
4239.01	0
4240.01	0
4241.01	0
4242.01	0
4243.01	0
4244.01	0
4245.01	0
4246.01	0
4246.02	0
4247.01	0
4248.01	0
4249.01	0
4250.01	0
4251.01	0
4252.01	0
4253.01	0
4254.01	0
4255.01	0
4256.01	0
4257.01	0
4258.01	0
4259.01	0
4260.01	0
4260.02	0
4261.01	0
4262.01	0
4263.01	0
4264.01	0
4265.01	0
4266.01	0
4267.01	0
4268.01	0
4269.01	0
4269.02	0
4270.01	0
4271.01	0
4272.01	0
4273.01	0
4274.01	0
4275.01	0
4276.01	0
4277.01	0
4278.01	0
4279.01	1
4280.01	0
4281.01	0
4282.01	0
4283.01	0
4284.01	0
4285.01	0
4286.01	0
4287.01	0
4287.02	0
4288.01	0
4288.02	0
4289.01	0
4290.01	1
4291.01	0
4292.01	0
4293.01	0
4294.01	0
4295.01	0
4296.01	0
4297.01	0
4298.01	0
4299.01	0
4300.01	0
4301.01	0
4302.01	0
4303.01	0
4304.01	0
4305.01	0
4306.01	0
4307.01	0
4308.01	0
4309.01	0
4310.01	0
4311.01	0
4312.01	0
4313.01	0
4314.01	0
4315.01	0
4316.01	0
4317.01	0
4318.01	0
4319.01	0
4320.01	0
4321.01	0
4322.01	0
4322.02	0
4323.01	0
4323.02	0
4324.01	0
4325.01	0
4326.01	0
4327.01	0
4328.01	0
4329.01	0
4330.01	0
4331.01	0
4332.01	0
4333.01	0
4334.01	0
4335.01	0
4336.01	0
4337.01	0
4338.01	0
4339.01	0
4340.01	0
4341.01	0
4342.01	0
4343.01	0
4344.01	0
4345.01	0
4346.01	0
4347.01	0
4348.01	0
4349.01	0
4350.01	0
4351.01	0
4352.01	0
4353.01	0
4354.01	0
4355.01	1
4355.02	1
4355.03	1
4355.04	1
4355.05	1
4356.01	0
4357.01	0
4358.01	0
4359.01	0
4360.01	0
4361.01	0
4362.01	0
4363.01	0
4364.01	0
4365.01	0
4365.02	0
4365.03	0
4366.01	0
4367.01	0
4368.01	0
4368.02	0
4370.01	0
4371.01	0
4372.01	0
4373.01	0
4374.01	0
4375.01	0
4376.01	0
4377.01	0
4378.01	0
4379.01	0
4380.01	0
4381.01	0
4382.01	0
4382.02	0
4383.01	0
4384.01	0
4385.01	0
4385.02	0
4385.03	0
4386.01	0
4387.01	0
4388.01	0
4389.01	0
4390.01	0
4391.01	0
4392.01	0
4393.01	0
4394.01	0
4395.01	0
4397.01	0
4398.01	0
4399.01	0
4400.01	0
4401.01	0
4402.01	0
4403.01	0
4404.01	0
4405.01	0
4406.01	0
4407.01	0
4408.01	0
4409.01	0
4410.01	0
4411.01	0
4412.01	0
4413.01	0
4414.01	0
4415.01	0
4416.01	0
4417.01	0
4418.01	0
4419.01	0
4420.01	0
4421.01	0
4422.01	0
4423.01	0
4424.01	0
4425.01	0
4426.01	0
4427.01	0
4428.01	0
4429.01	0
4430.01	0
4431.01	0
4431.02	0
4432.01	0
4433.01	0
4434.01	0
4435.01	0
4435.02	0
4436.01	0
4437.01	0
4438.01	0
4439.01	0
4440.01	0
4441.01	0
4442.01	0
4443.01	0
4444.01	0
4445.01	0
4446.01	0
4447.01	0
4448.01	0
4449.01	0
4450.01	0
4451.01	0
4452.01	0
4453.01	0
4454.01	0
4455.01	0
4456.01	0
4457.01	0
4458.01	0
4459.01	0
4460.01	0
4461.01	0
4462.01	0
4463.01	0
4464.01	0
4465.01	0
4466.01	0
4467.01	0
4468.01	0
4469.01	0
4470.01	0
4471.01	0
4472.01	0
4473.01	0
4474.01	0
4475.01	0
4476.01	0
4477.01	0
4477.02	0
4478.01	0
4479.01	0
4480.01	0
4481.01	0
4482.01	0
4483.01	0
4484.01	0
4485.01	0
4486.01	0
4487.01	0
4488.01	0
4489.01	0
4490.01	0
4491.01	0
4492.01	0
4493.01	0
4494.01	0
4495.01	0
4496.01	0
4497.01	0
4498.01	0
4499.01	0
4500.01	0
4500.02	0
4501.01	0
4502.01	0
4503.01	0
4504.01	0
4504.02	0
4505.01	0
4506.01	0
4507.01	1
4508.01	0
4509.01	0
4510.01	0
4511.01	0
4512.01	0
4513.01	0
4514.01	0
4515.01	0
4516.01	0
4517.01	0
4518.01	0
4519.01	0
4520.01	0
4521.01	0
4522.01	0
4523.01	0
4524.01	0
4524.02	0
4525.01	0
4526.01	0
4527.01	0
4528.01	0
4529.01	0
4530.01	0
4531.01	0
4532.01	0
4533.01	1
4534.01	0
4535.01	0
4536.01	0
4537.01	0
4538.01	0
4539.01	0
4540.01	0
4541.01	0
4541.02	0
4542.01	0
4543.01	1
4544.01	0
4545.01	0
4546.01	0
4547.01	0
4548.01	0
4549.01	0
4550.01	0
4551.01	0
4552.01	0
4553.01	0
4554.01	0
4555.01	0
4556.01	0
4557.01	0
4558.01	0
4559.01	0
4560.01	0
4561.01	0
4562.01	0
4563.01	0
4564.01	0
4565.01	0
4566.01	0
4567.01	0
4567.02	0
4568.01	0
4568.02	2
4569.01	0
4570.01	0
4571.01	0
4572.01	0
4573.01	0
4574.01	0
4575.01	0
4576.01	0
4577.01	0
4578.01	0
4579.01	0
4580.01	0
4581.01	0
4582.01	0
4583.01	0
4584.01	0
4585.01	0
4586.01	0
4587.01	0
4588.01	0
4589.01	0
4590.01	0
4591.01	0
4592.01	0
4593.01	0
4594.01	0
4595.01	0
4596.01	0
4597.01	0
4598.01	0
4599.01	0
4600.01	0
4601.01	0
4602.01	0
4603.01	0
4604.01	0
4605.01	0
4606.01	0
4607.01	0
4608.01	0
4609.01	0
4610.01	0
4611.01	0
4612.01	0
4613.01	0
4614.01	0
4615.01	0
4617.01	0
4618.01	0
4619.01	0
4620.01	0
4621.01	0
4622.01	0
4623.01	0
4624.01	0
4625.01	0
4626.01	0
4627.01	0
4628.01	0
4629.01	0
4630.01	0
4631.01	0
4632.01	0
4633.01	0
4634.01	0
4635.01	0
4636.01	0
4637.01	0
4638.01	0
4639.01	0
4639.02	0
4640.01	0
4641.01	0
4642.01	0
4643.01	0
4644.01	0
4645.01	0
4646.01	0
4647.01	0
4647.02	0
4648.01	0
4649.01	0
4650.01	0
4651.01	0
4652.01	0
4653.01	0
4654.01	0
4655.01	0
4656.01	0
4657.01	0
4657.02	0
4658.01	0
4659.01	0
4660.01	0
4661.01	0
4662.01	0
4663.01	0
4664.01	0
4665.01	0
4666.01	0
4667.01	0
4668.01	0
4669.01	0
4670.01	0
4671.01	0
4672.01	0
4673.01	0
4674.01	0
4675.01	0
4676.01	0
4677.01	0
4678.01	0
4679.01	0
4680.01	0
4681.01	0
4682.01	1
4683.01	0
4684.01	0
4685.01	0
4686.01	0
4687.01	0
4688.01	0
4689.01	0
4690.01	0
4691.01	0
4692.01	0
4693.01	0
4694.01	0
4695.01	0
4696.01	0
4697.01	0
4698.01	0
4699.01	0
4700.01	0
4701.01	0
4702.01	0
4703.01	0
4704.01	0
4705.01	0
4706.01	0
4707.01	0
4708.01	0
4709.01	0
4710.01	0
4711.01	0
4712.01	0
4713.01	1
4714.01	0
4715.01	0
4716.01	0
4717.01	0
4718.01	0
4719.01	0
4720.01	0
4721.01	0
4722.01	0
4723.01	0
4724.01	1
4725.01	0
4726.01	0
4727.01	0
4728.01	0
4729.01	0
4730.01	0
4731.01	0
4732.01	0
4733.01	0
4734.01	0
4735.01	0
4736.01	0
4737.01	0
4738.01	0
4739.01	0
4740.01	0
4741.01	0
4742.01	0
4743.01	0
4744.01	0
4745.01	0
4746.01	0
4747.01	0
4748.01	0
4749.01	0
4750.01	0
4751.01	0
4752.01	0
4753.01	0
4754.01	0
4755.01	0
4756.01	0
4757.01	0
4758.01	0
4759.01	0
4760.01	0
4761.01	0
4762.01	0
4763.01	0
4764.01	0
4765.01	0
4766.01	0
4767.01	0
4768.01	0
4769.01	0
4770.01	0
4771.01	0
4772.01	0
4772.02	0
4773.01	0
4774.01	0
4775.01	0
4776.01	0
4777.01	0
4777.02	0
4778.01	0
4779.01	0
4780.01	0
4781.01	0
4781.02	0
4782.01	0
4783.01	0
4784.01	0
4785.01	0
4786.01	0
4787.01	0
4788.01	0
4789.01	0
4790.01	0
4791.01	0
4792.01	0
4793.01	0
4794.01	0
4795.01	0
4796.01	0
4797.01	0
4798.01	0
4799.01	0
4800.01	0
4801.01	0
4802.01	0
4803.01	0
4804.01	0
4805.01	0
4806.01	0
4807.01	1
4808.01	0
4809.01	0
4810.01	0
4811.01	0
4812.01	0
4813.01	0
4814.01	0
4815.01	0
4816.01	0
4817.01	0
4818.01	0
4819.01	0
4820.01	0
4821.01	0
4822.01	0
4823.01	0
4824.01	0
4825.01	0
4826.01	0
4827.01	0
4828.01	0
4829.01	0
4829.02	0
4830.01	0
4831.01	0
4832.01	0
4833.01	0
4834.01	0
4835.01	0
4836.01	0
4837.01	0
4838.01	0
4839.01	0
4840.01	0
4841.01	0
4842.01	0
4843.01	0
4844.01	0
4845.01	0
4846.01	0
4847.01	0
4848.01	0
4849.01	0
4850.01	0
4851.01	0
4852.01	0
4853.01	0
4854.01	0
4855.01	0
4856.01	0
4857.01	0
4858.01	0
4859.01	0
4860.01	0
4861.01	0
4862.01	0
4863.01	0
4864.01	0
4865.01	0
4866.01	0
4867.01	0
4868.01	0
4869.01	0
4870.01	0
4871.01	0
4872.01	0
4873.01	0
4874.01	0
4875.01	0
4876.01	0
4877.01	0
4878.01	0
4879.01	0
4880.01	0
4881.01	0
4882.01	0
4884.01	0
4885.01	0
4886.01	0
4887.01	0
4888.01	0
4890.01	0
4891.01	0
4892.01	0
4893.01	0
4894.01	0
4895.01	0
4895.02	0
4896.01	0
4897.01	0
4898.01	0
4899.01	0
4900.01	0
4901.01	0
4902.01	0
4903.01	0
4904.01	0
4905.01	0
4906.01	0
4907.01	0
4908.01	0
4909.01	0
4910.01	0
4911.01	0
4912.01	0
4913.01	0
4913.02	0
4914.01	0
4920.01	0
4921.01	0
4922.01	0
4923.01	0
4924.01	0
4925.01	0
4926.01	0
4927.01	0
4928.01	0
4930.01	0
4931.01	0
4933.01	0
4934.01	0
4935.01	0
4936.01	0
4937.01	0
4938.01	0
4939.01	0
4940.01	0
4942.01	0
4943.01	0
4944.01	0
4945.01	0
4946.01	0
4947.01	0
4948.01	0
4949.01	0
4950.01	0
4951.01	0
4953.01	0
4954.01	0
4956.01	0
4958.01	0
4959.01	0
4961.01	0
4962.01	0
4963.01	0
4964.01	0
4965.01	0
4966.01	0
4967.01	0
4968.01	0
4970.01	0
4971.01	0
4972.01	0
4973.01	0
4974.01	0
4975.01	0
4976.01	0
4977.01	0
4978.01	0
4980.01	0
4981.01	0
4982.01	0
4983.01	0
4984.01	0
4985.01	0
4986.01	0
4987.01	0
4988.01	0
4989.01	0
4990.01	0
4991.01	0
4992.01	0
4994.01	0
4997.01	0
4998.01	0
4999.01	0
5001.01	0
5002.01	0
5003.01	0
5004.01	0
5005.01	0
5007.01	0
5009.01	0
5010.01	0
5011.01	0
5012.01	0
5013.01	0
5014.01	0
5015.01	0
5016.01	0
5017.01	0
5018.01	0
5019.01	0
5020.01	0
5021.01	0
5023.01	0
5024.01	0
5025.01	0
5026.01	0
5027.01	0
5028.01	0
5029.01	0
5030.01	0
5032.01	0
5033.01	0
5034.01	0
5036.01	0
5037.01	0
5038.01	0
5039.01	0
5040.01	0
5041.01	0
5042.01	0
5043.01	0
5044.01	0
5045.01	0
5046.01	0
5047.01	0
5048.01	0
5049.01	0
5050.01	0
5052.01	0
5053.01	0
5054.01	0
5055.01	0
5057.01	0
5058.01	0
5059.01	0
5060.01	0
5061.01	0
5063.01	0
5064.01	0
5065.01	0
5066.01	0
5067.01	0
5068.01	0
5069.01	0
5070.01	0
5071.01	0
5072.01	0
5073.01	0
5075.01	0
5076.01	0
5077.01	0
5078.01	0
5079.01	0
5081.01	0
5082.01	0
5083.01	0
5084.01	0
5085.01	0
5086.01	0
5087.01	0
5088.01	0
5089.01	0
5090.01	0
5091.01	0
5092.01	0
5093.01	0
5094.01	0
5095.01	0
5097.01	0
5098.01	0
5099.01	0
5100.01	0
5101.01	0
5102.01	0
5104.01	0
5105.01	0
5106.01	0
5107.01	0
5108.01	0
5109.01	0
5110.01	0
5111.01	0
5112.01	0
5113.01	0
5114.01	0
5115.01	0
5116.01	0
5117.01	0
5119.01	0
5120.01	0
5121.01	0
5122.01	0
5123.01	0
5124.01	0
5125.01	0
5126.01	0
5127.01	0
5128.01	0
5129.01	0
5130.01	0
5131.01	0
5132.01	0
5133.01	0
5134.01	0
5135.01	0
5138.01	0
5139.01	0
5141.01	0
5142.01	0
5144.01	0
5145.01	0
5146.01	0
5147.01	0
5148.01	0
5149.01	0
5150.01	0
5151.01	0
5152.01	0
5153.01	0
5155.01	0
5156.01	0
5157.01	0
5158.01	0
5162.01	0
5163.01	0
5164.01	0
5165.01	0
5167.01	0
5168.01	0
5169.01	0
5170.01	0
5171.01	0
5172.01	0
5173.01	0
5174.01	0
5175.01	0
5176.01	0
5178.01	0
5179.01	0
5180.01	0
5181.01	0
5182.01	0
5183.01	0
5184.01	0
5185.01	0
5186.01	0
5187.01	0
5188.01	0
5189.01	0
5190.01	1
5191.01	0
5192.01	0
5193.01	0
5195.01	0
5196.01	0
5198.01	0
5199.01	0
5200.01	0
5201.01	0
5202.01	0
5203.01	0
5204.01	0
5205.01	0
5206.01	0
5207.01	0
5208.01	0
5209.01	0
5211.01	0
5212.01	0
5213.01	0
5214.01	0
5215.01	0
5216.01	0
5217.01	0
5218.01	0
5219.01	0
5220.01	0
5221.01	0
5222.01	0
5223.01	0
5224.01	0
5225.01	0
5226.01	1
5227.01	0
5228.01	0
5229.01	0
5230.01	0
5231.01	0
5232.01	0
5233.01	0
5234.01	1
5235.01	0
5236.01	0
5237.01	0
5238.01	1
5239.01	0
5240.01	0
5241.01	0
5242.01	1
5243.01	0
5244.01	0
5245.01	0
5246.01	0
5247.01	0
5248.01	0
5249.01	0
5250.01	0
5251.01	0
5252.01	0
5253.01	0
5254.01	0
5255.01	0
5256.01	0
5257.01	0
5258.01	0
5259.01	0
5260.01	0
5261.01	0
5262.01	0
5263.01	0
5265.01	0
5267.01	0
5268.01	0
5269.01	0
5271.01	0
5272.01	0
5273.01	0
5274.01	0
5275.01	0
5276.01	0
5277.01	0
5278.01	0
5279.01	0
5280.01	0
5281.01	0
5282.01	0
5283.01	0
5284.01	0
5285.01	0
5286.01	0
5287.01	0
5288.01	0
5289.01	0
5290.01	0
5291.01	0
5293.01	0
5294.01	0
5295.01	0
5296.01	0
5297.01	0
5298.01	0
5299.01	0
5300.01	0
5301.01	0
5302.01	0
5303.01	0
5304.01	0
5305.01	0
5306.01	0
5307.01	0
5308.01	0
5310.01	0
5311.01	0
5312.01	0
5313.01	0
5314.01	0
5315.01	0
5316.01	0
5317.01	0
5318.01	0
5319.01	0
5320.01	0
5321.01	0
5322.01	0
5323.01	0
5324.01	0
5325.01	0
5326.01	0
5327.01	0
5328.01	0
5329.01	0
5330.01	0
5331.01	0
5332.01	0
5333.01	0
5334.01	0
5335.01	0
5336.01	0
5337.01	0
5338.01	0
5339.01	0
5340.01	0
5341.01	0
5343.01	0
5344.01	0
5345.01	0
5346.01	0
5347.01	0
5348.01	0
5351.01	0
5353.01	0
5354.01	0
5355.01	0
5357.01	0
5358.01	0
5359.01	0
5360.01	0
5361.01	0
5365.01	0
5366.01	0
5369.01	0
5370.01	0
5371.01	0
5372.01	0
5373.01	0
5375.01	0
5376.01	0
5378.01	0
5379.01	0
5380.01	0
5381.01	0
5382.01	0
5384.01	0
5385.01	0
5386.01	0
5387.01	0
5388.01	0
5389.01	0
5390.01	0
5391.01	0
5392.01	0
5393.01	0
5394.01	0
5395.01	0
5396.01	0
5398.01	0
5399.01	0
5401.01	0
5403.01	0
5406.01	0
5407.01	0
5408.01	0
5409.01	0
5410.01	0
5411.01	0
5412.01	0
5413.01	0
5414.01	0
5415.01	0
5416.01	0
5417.01	0
5418.01	0
5419.01	0
5420.01	0
5421.01	0
5423.01	0
5426.01	0
5427.01	0
5430.01	0
5433.01	0
5434.01	0
5435.01	0
5436.01	0
5438.01	0
5439.01	0
5440.01	0
5441.01	0
5442.01	0
5443.01	0
5444.01	0
5445.01	0
5446.01	0
5448.01	0
5449.01	0
5451.01	0
5452.01	0
5453.01	0
5454.01	0
5455.01	0
5456.01	0
5457.01	0
5458.01	0
5459.01	0
5460.01	0
5461.01	0
5462.01	0
5463.01	0
5464.01	0
5465.01	0
5466.01	0
5468.01	0
5469.01	0
5470.01	0
5471.01	0
5472.01	0
5473.01	0
5474.01	0
5475.01	0
5476.01	0
5477.01	0
5478.01	0
5479.01	0
5480.01	0
5481.01	0
5482.01	0
5483.01	0
5484.01	0
5485.01	0
5486.01	0
5487.01	0
5488.01	0
5489.01	0
5490.01	0
5491.01	0
5492.01	0
5493.01	0
5495.01	0
5497.01	0
5498.01	0
5499.01	0
5500.01	0
5501.01	0
5502.01	0
5503.01	0
5505.01	0
5506.01	0
5507.01	0
5508.01	0
5509.01	0
5510.01	0
5511.01	0
5512.01	0
5513.01	0
5514.01	0
5515.01	0
5516.01	1
5517.01	0
5518.01	0
5519.01	0
5520.01	0
5521.01	0
5522.01	0
5523.01	0
5524.01	0
5525.01	0
5526.01	0
5527.01	0
5528.01	0
5529.01	0
5530.01	0
5531.01	0
5532.01	0
5534.01	0
5535.01	0
5536.01	0
5538.01	0
5539.01	0
5540.01	0
5541.01	0
5542.01	0
5543.01	0
5544.01	0
5545.01	0
5546.01	0
5547.01	0
5548.01	0
5550.01	0
5551.01	0
5552.01	0
5553.01	0
5554.01	0
5555.01	0
5556.01	0
5557.01	0
5558.01	0
5559.01	0
5560.01	0
5562.01	0
5563.01	0
5564.01	0
5565.01	0
5566.01	0
5567.01	0
5568.01	0
5569.01	0
5570.01	0
5571.01	1
5572.01	0
5573.01	0
5574.01	0
5575.01	0
5577.01	0
5578.01	0
5579.01	0
5580.01	0
5581.01	0
5582.01	0
5583.01	0
5584.01	0
5585.01	0
5586.01	0
5587.01	0
5588.01	0
5589.01	0
5590.01	0
5591.01	0
5592.01	0
5593.01	0
5594.01	0
5595.01	0
5596.01	0
5597.01	0
5598.01	0
5600.01	0
5601.01	0
5602.01	0
5603.01	0
5604.01	0
5605.01	0
5606.01	0
5607.01	0
5608.01	0
5609.01	0
5610.01	0
5611.01	0
5612.01	0
5613.01	0
5614.01	0
5615.01	0
5616.01	0
5617.01	0
5618.01	0
5621.01	0
5622.01	0
5623.01	0
5624.01	0
5625.01	0
5626.01	0
5627.01	0
5628.01	0
5629.01	0
5630.01	0
5631.01	0
5632.01	0
5633.01	0
5635.01	0
5636.01	0
5638.01	0
5639.01	0
5640.01	0
5641.01	0
5642.01	0
5643.01	0
5646.01	0
5647.01	0
5648.01	0
5649.01	0
5650.01	0
5651.01	0
5652.01	0
5653.01	0
5654.01	0
5655.01	0
5657.01	0
5658.01	0
5659.01	0
5660.01	0
5661.01	0
5662.01	0
5663.01	0
5664.01	0
5665.01	0
5666.01	0
5667.01	0
5669.01	0
5671.01	0
5672.01	0
5674.01	0
5675.01	0
5676.01	0
5677.01	0
5678.01	0
5679.01	0
5680.01	0
5681.01	0
5682.01	0
5683.01	0
5684.01	0
5685.01	0
5686.01	0
5687.01	0
5688.01	0
5689.01	0
5690.01	0
5691.01	0
5692.01	0
5693.01	0
5694.01	0
5695.01	0
5696.01	0
5698.01	0
5699.01	0
5700.01	0
5702.01	0
5703.01	1
5704.01	0
5705.01	0
5706.01	0
5707.01	0
5708.01	0
5711.01	1
5712.01	0
5713.01	0
5714.01	0
5715.01	0
5717.01	0
5718.01	1
5719.01	0
5720.01	0
5721.01	0
5722.01	0
5723.01	0
5724.01	0
5725.01	0
5726.01	0
5727.01	0
5728.01	1
5729.01	0
5730.01	0
5731.01	0
5732.01	0
5733.01	0
5735.01	0
5736.01	0
5737.01	0
5738.01	0
5739.01	0
5740.01	0
5741.01	0
5742.01	0
5743.01	0
5744.01	0
5745.01	0
5746.01	0
5747.01	0
5748.01	0
5749.01	0
5750.01	0
5752.01	0
5753.01	0
5754.01	0
5755.01	0
5757.01	0
5758.01	0
5760.01	0
5761.01	0
5762.01	0
5763.01	0
5764.01	0
5765.01	0
5766.01	0
5767.01	0
5768.01	0
5769.01	0
5770.01	0
5771.01	0
5772.01	0
5773.01	0
5774.01	0
5775.01	0
5776.01	0
5777.01	0
5778.01	0
5779.01	0
5780.01	0
5782.01	0
5784.01	0
5786.01	0
5787.01	0
5788.01	0
5789.01	0
5790.01	0
5791.01	0
5792.01	0
5793.01	0
5794.01	0
5796.01	0
5797.01	0
5798.01	0
5799.01	0
5800.01	0
5801.01	0
5802.01	0
5804.01	0
5805.01	0
5806.01	0
5810.01	0
5812.01	0
5814.01	0
5815.01	0
5816.01	0
5817.01	0
5818.01	0
5819.01	0
5822.01	0
5823.01	0
5825.01	0
5826.01	0
5827.01	0
5828.01	0
5829.01	0
5830.01	0
5831.01	0
5832.01	0
5833.01	0
5834.01	0
5835.01	0
5838.01	0
5839.01	0
5840.01	0
5841.01	0
5842.01	0
5844.01	0
5845.01	0
5846.01	0
5847.01	0
5848.01	0
5849.01	0
5850.01	0
5851.01	0
5852.01	0
5853.01	0
5854.01	0
5855.01	0
5856.01	0
5858.01	0
5859.01	0
5860.01	0
5861.01	0
5862.01	0
5863.01	0
5864.01	0
5865.01	0
5866.01	0
5867.01	0
5868.01	0
5869.01	0
5870.01	0
5871.01	0
5873.01	0
5874.01	0
5875.01	0
5876.01	0
5877.01	0
5878.01	0
5879.01	0
5881.01	0
5883.01	0
5884.01	0
5885.01	0
5886.01	0
5887.01	0
5888.01	0
5889.01	0
5890.01	0
5891.01	0
5892.01	0
5893.01	0
5894.01	0
5895.01	0
5896.01	0
5897.01	0
5898.01	0
5899.01	0
5900.01	0
5901.01	0
5902.01	0
5903.01	0
5904.01	0
5906.01	0
5907.01	0
5908.01	0
5909.01	0
5910.01	0
5911.01	0
5912.01	0
5913.01	0
5914.01	0
5915.01	0
5917.01	0
5918.01	0
5919.01	0
5920.01	0
5921.01	0
5923.01	0
5924.01	0
5925.01	0
5927.01	0
5929.01	0
5930.01	0
5932.01	0
5933.01	0
5934.01	0
5937.01	0
5938.01	0
5939.01	0
5940.01	0
5941.01	0
5942.01	0
5943.01	0
5944.01	0
5945.01	0
5947.01	0
5948.01	0
5949.01	0
5950.01	0
5952.01	0
5953.01	0
5954.01	0
5956.01	0
5957.01	0
5958.01	0
5959.01	0
5960.01	0
5961.01	0
5962.01	0
5963.01	0
5964.01	0
5965.01	0
5967.01	0
5968.01	0
5969.01	0
5970.01	0
5971.01	0
5972.01	0
5973.01	0
5974.01	0
5976.01	0
5978.01	0
5979.01	0
5980.01	0
5981.01	0
5982.01	0
5983.01	0
5984.01	0
5985.01	0
5986.01	0
5987.01	0
5988.01	0
5989.01	0
5990.01	0
5991.01	0
5992.01	0
5993.01	0
5994.01	0
5995.01	0
5996.01	0
5997.01	0
5998.01	0
5999.01	0
6000.01	0
6001.01	0
6002.01	0
6003.01	0
6004.01	0
6005.01	0
6006.01	0
6007.01	0
6008.01	0
6009.01	0
6010.01	0
6011.01	0
6012.01	0
6013.01	0
6014.01	0
6015.01	0
6016.01	0
6017.01	0
6018.01	0
6019.01	0
6020.01	0
6021.01	0
6022.01	0
6023.01	0
6024.01	0
6025.01	0
6026.01	0
6027.01	0
6028.01	0
6029.01	0
6030.01	0
6031.01	0
6032.01	0
6033.01	0
6034.01	0
6035.01	0
6036.01	0
6037.01	0
6038.01	0
6039.01	0
6040.01	0
6041.01	0
6042.01	0
6043.01	0
6044.01	0
6045.01	0
6046.01	0
6047.01	0
6048.01	0
6049.01	0
6050.01	0
6051.01	0
6052.01	0
6053.01	0
6054.01	0
6055.01	0
6056.01	0
6057.01	0
6058.01	0
6059.01	0
6060.01	0
6061.01	0
6062.01	0
6063.01	0
6064.01	0
6065.01	0
6066.01	0
6067.01	0
6068.01	0
6069.01	0
6070.01	0
6071.01	0
6072.01	0
6073.01	0
6074.01	0
6075.01	0
6076.01	0
6077.01	0
6078.01	0
6079.01	0
6080.01	0
6081.01	0
6082.01	0
6083.01	0
6084.01	0
6085.01	0
6086.01	0
6087.01	0
6088.01	0
6089.01	0
6090.01	0
6091.01	0
6092.01	0
6093.01	0
6093.02	0
6094.01	0
6095.01	1
6096.01	0
6098.01	0
6099.01	0
6099.02	2
6100.01	0
6100.02	0
6101.01	0
6102.01	0
6103.01	0
6103.02	0
6104.01	0
6104.02	0
6105.01	0
6107.01	0
6108.01	0
6109.01	0
6109.02	0
6110.01	0
6111.01	0
6112.01	0
6113.01	0
6114.01	0
6116.01	0
6118.01	0
6118.02	0
6119.01	0
6120.01	0
6120.02	0
6121.01	0
6122.01	0
6123.01	0
6124.01	0
6125.01	0
6126.01	0
6128.01	0
6129.01	0
6130.01	0
6131.01	0
6131.02	0
6132.01	0
6132.02	0
6132.03	0
6133.01	0
6134.01	0
6135.01	0
6136.01	0
6137.01	0
6137.02	0
6138.01	0
6139.01	0
6141.01	0
6143.01	0
6144.01	0
6145.01	0
6145.02	0
6145.03	0
6146.01	0
6147.01	0
6149.01	0
6151.01	0
6152.01	0
6153.01	0
6155.01	0
6156.01	0
6157.01	0
6158.01	0
6158.02	0
6159.01	0
6160.01	0
6161.01	0
6162.01	0
6163.01	0
6164.01	0
6164.02	2
6165.01	0
6166.01	0
6166.02	0
6167.01	0
6168.01	0
6168.02	0
6168.03	0
6169.01	0
6171.01	0
6172.01	0
6173.01	0
6174.01	0
6175.01	0
6176.01	0
6176.02	3
6177.01	0
6178.01	0
6178.02	0
6179.01	0
6181.01	0
6182.01	0
6182.02	0
6183.01	0
6184.01	0
6185.01	0
6186.01	0
6187.01	0
6188.01	0
6189.01	0
6190.01	0
6191.01	0
6191.02	0
6192.01	0
6193.01	0
6194.01	0
6194.02	0
6195.01	0
6196.01	0
6198.01	0
6199.01	0
6200.01	0
6201.01	0
6203.01	0
6204.01	0
6205.01	0
6206.01	0
6207.01	0
6208.01	0
6209.01	0
6209.02	0
6211.01	0
6212.01	0
6213.01	0
6214.01	0
6214.02	0
6215.01	0
6217.01	0
6218.01	0
6219.01	0
6220.01	0
6221.01	0
6222.01	0
6223.01	0
6225.01	0
6226.01	0
6227.01	0
6228.01	0
6229.01	0
6230.01	0
6231.01	0
6232.01	0
6233.01	0
6234.01	0
6235.01	0
6236.01	0
6236.02	0
6237.01	0
6237.02	2
6239.01	0
6239.02	2
6240.01	0
6241.01	0
6243.01	0
6244.01	0
6245.01	0
6245.02	0
6246.01	0
6247.01	0
6248.01	0
6249.01	0
6250.01	0
6251.01	0